1500
498 407
202 76
74 245
3 497
480 409
1 195
158 409
45 218
0 264
399 263
208 143
264 212
463 9
467 119
479 185
161 61
387 278
230 12
266 306
431 360
397 20
13 259
496 310
472 279
383 472
186 101
376 103
245 312
246 379
224 1
386 339
445 228
362 278
298 57
448 250
378 68
413 286
239 94
182 247
450 428
310 15
346 424
211 51
453 283
339 379
93 366
187 231
71 284
471 298
200 71
421 187
462 108
201 219
454 72
64 405
212 165
46 356
78 262
296 54
378 8
86 99
53 273
140 155
7 76
373 96
204 384
102 486
187 266
211 25
228 194
234 237
51 12
91 234
286 484
162 26
61 14
163 282
198 191
161 31
193 23
65 88
461 383
209 186
38 156
3 467
358 283
315 440
380 462
261 124
25 105
372 393
421 174
268 96
362 229
115 26
1 95
347 400
387 184
201 390
492 448
178 37
349 438
442 310
309 467
434 15
82 378
162 121
204 227
500 370
65 310
111 235
459 150
150 232
389 4
403 4
451 67
20 103
351 366
380 497
310 482
36 302
237 164
383 136
180 323
136 284
169 393
77 21
375 301
323 149
165 31
0 2
281 88
320 10
170 86
228 295
292 469
402 286
113 466
138 393
289 280
426 437
163 387
258 481
169 82
142 474
366 11
499 246
422 482
354 247
488 304
164 49
465 491
93 368
438 78
316 409
387 296
257 396
88 485
162 52
273 226
137 494
2 179
495 432
289 122
317 143
339 329
11 195
326 303
473 14
197 205
142 500
208 10
394 388
182 168
416 436
16 457
473 51
269 227
185 267
355 423
323 85
391 347
325 218
376 92
123 139
51 6
46 398
220 433
23 349
440 203
48 48
350 45
125 402
339 235
221 262
343 381
115 0
131 84
416 107
144 388
190 308
253 415
22 257
334 9
462 94
244 407
370 271
418 285
125 224
139 488
173 253
268 399
422 343
488 428
433 479
360 454
172 211
115 298
26 208
178 105
139 320
91 265
111 115
495 335
188 21
485 453
309 1
53 284
268 54
321 240
284 359
68 126
29 117
226 101
48 97
138 150
367 192
410 405
237 178
360 399
433 285
227 114
352 159
490 322
238 324
466 48
491 485
442 427
32 27
412 176
425 437
184 24
189 53
214 271
52 35
453 345
479 368
188 61
147 344
309 81
378 157
394 82
457 286
350 10
143 179
259 272
358 214
364 61
192 187
345 253
130 44
156 374
391 226
242 365
364 195
367 316
34 323
462 279
346 479
21 148
260 299
246 223
442 288
239 68
18 16
180 435
201 425
223 195
305 108
390 318
225 417
119 55
74 352
79 97
5 365
359 37
482 258
72 50
467 321
29 324
239 495
274 110
311 360
221 281
5 255
52 382
315 151
355 302
41 103
406 105
264 36
435 399
207 74
219 306
448 160
35 89
259 156
50 176
193 286
372 419
208 362
26 188
190 398
79 130
436 54
431 7
470 295
488 98
31 20
490 28
491 67
308 79
233 121
138 318
73 356
323 231
157 378
486 315
310 497
353 359
473 130
415 384
261 95
138 412
165 53
133 355
451 342
305 135
376 56
420 451
212 144
460 104
131 101
281 102
230 426
100 386
143 286
491 313
88 465
196 487
12 319
92 468
227 433
230 489
378 494
463 127
185 325
244 197
349 38
304 119
497 201
369 102
265 78
228 157
455 389
378 210
323 325
466 400
308 220
278 35
442 266
456 140
222 429
192 16
275 13
244 398
194 93
225 284
267 129
316 177
221 83
348 401
326 328
491 149
147 278
190 159
366 128
21 454
248 278
277 219
173 429
7 38
114 147
341 444
490 341
47 474
485 55
481 113
498 20
442 134
1 484
442 33
362 241
43 21
489 351
315 459
257 8
305 376
107 443
134 425
336 285
151 465
353 58
423 294
317 52
133 232
60 415
326 268
54 435
112 377
161 398
181 456
489 153
10 148
99 255
98 227
217 139
215 7
169 37
27 85
441 41
448 116
274 272
232 229
56 13
368 243
215 334
180 326
406 151
232 366
410 256
116 251
110 77
453 75
219 117
184 335
106 321
233 116
497 433
405 77
337 383
7 278
429 184
381 177
25 487
69 382
372 123
171 288
84 47
471 105
498 467
434 74
101 184
479 87
38 91
394 497
406 405
59 16
115 63
451 294
256 455
293 491
185 356
21 18
108 96
389 130
495 473
25 279
138 3
479 412
23 349
22 357
9 196
359 387
407 435
265 234
164 90
263 131
152 494
339 132
152 153
25 86
327 65
230 390
351 262
439 186
447 314
294 144
358 29
489 110
3 462
10 474
488 440
428 342
141 367
19 153
259 291
81 319
437 425
378 263
135 42
8 341
371 307
176 49
371 454
332 221
175 258
499 119
114 363
430 300
166 268
293 389
295 217
269 60
479 15
327 381
187 285
100 356
86 113
438 146
403 469
123 221
129 43
438 327
373 198
444 117
426 328
163 184
464 219
30 111
150 120
42 444
401 235
384 131
470 109
62 150
119 48
123 208
330 149
205 375
153 449
323 442
98 133
159 66
339 234
59 404
311 183
445 111
285 306
63 39
109 277
39 202
56 124
454 120
472 294
368 391
490 419
305 244
156 173
408 191
431 263
354 154
273 142
354 329
351 300
31 274
182 424
412 481
384 198
419 398
342 481
325 459
457 172
365 436
126 70
372 273
336 415
181 292
209 443
16 226
371 53
133 68
357 365
93 222
322 385
349 149
55 98
260 69
59 320
342 284
339 411
187 217
323 190
307 384
210 50
61 211
14 257
136 208
282 455
471 4
39 335
76 443
2 139
18 447
457 128
429 358
140 381
388 323
203 127
351 455
0 431
264 499
10 114
324 334
470 235
1 240
187 54
76 49
377 91
290 227
356 79
253 36
70 243
37 378
119 279
154 140
314 192
194 383
431 8
182 498
61 484
340 204
463 21
72 325
474 95
468 328
154 453
437 207
66 63
3 329
429 218
292 340
155 318
103 73
138 291
491 138
225 409
97 465
460 391
147 140
43 209
171 199
285 156
300 29
184 460
425 111
290 419
295 145
298 146
414 229
306 475
83 133
191 248
235 333
475 293
280 216
271 378
323 493
185 375
438 453
125 74
111 146
180 378
197 170
322 497
142 65
274 62
285 294
398 348
284 9
257 143
429 196
416 2
278 20
350 409
7 144
27 486
182 42
179 425
41 164
126 9
428 30
233 429
148 455
94 177
322 339
415 20
278 388
484 473
249 61
487 391
21 308
195 273
457 229
110 290
158 325
270 364
77 455
358 323
20 180
212 458
279 240
239 476
202 177
131 19
10 248
144 30
318 430
270 395
415 343
329 311
240 305
148 202
304 183
226 314
65 26
15 260
189 54
168 411
175 209
275 278
303 259
399 38
440 36
415 42
30 401
454 445
361 91
224 197
138 426
438 390
51 328
275 217
114 176
477 7
388 192
150 319
345 303
253 122
165 457
498 245
273 242
467 85
445 340
239 16
169 1
462 267
475 380
247 73
126 3
490 185
190 363
462 163
448 213
343 125
5 306
431 453
85 418
106 0
468 455
429 29
99 197
272 200
241 388
459 149
376 242
160 17
43 377
149 323
439 299
234 273
94 124
62 161
195 259
489 395
105 491
382 368
260 209
266 285
313 227
141 193
304 225
91 484
357 92
114 139
107 239
259 483
484 487
103 126
36 128
376 163
68 351
228 42
133 22
306 494
181 183
42 406
408 349
479 365
254 235
25 328
214 295
63 44
156 117
488 7
139 206
183 134
231 181
148 459
434 449
432 25
281 98
347 151
35 179
480 428
252 270
341 61
288 405
144 381
87 357
332 78
237 195
191 369
100 419
444 277
104 301
403 242
431 132
434 218
396 357
316 0
167 188
49 380
94 162
45 84
431 422
239 418
194 302
382 419
205 58
459 82
385 121
69 100
278 397
149 388
479 167
391 194
315 442
304 289
217 167
467 455
451 58
472 245
43 11
298 136
3 234
402 492
194 473
242 397
296 362
434 142
220 206
453 357
15 465
484 199
454 326
106 134
205 469
232 413
431 277
245 391
148 406
77 69
180 12
381 224
101 79
457 422
40 90
161 167
447 69
488 454
257 207
209 403
390 93
490 395
115 389
223 88
476 226
381 264
151 297
466 484
227 115
145 89
26 296
344 444
485 464
162 478
476 488
346 49
190 251
339 357
232 479
223 463
416 64
121 6
143 73
336 1
42 339
267 358
65 393
233 182
403 26
267 286
331 309
181 19
47 21
391 224
458 291
371 493
210 425
140 122
260 255
441 289
440 109
176 497
28 107
202 61
374 375
74 377
401 381
282 319
296 271
396 365
56 314
333 481
214 299
172 240
436 57
33 401
284 459
40 37
8 194
342 80
47 239
18 9
344 157
162 277
307 112
386 451
81 125
25 46
3 373
160 212
298 337
149 208
265 96
469 414
470 372
237 468
170 53
432 257
444 172
271 269
150 99
96 173
253 145
280 335
367 253
64 30
312 324
451 63
39 464
333 469
241 458
373 306
277 218
280 110
349 447
480 247
190 475
410 312
131 233
422 498
427 98
188 411
430 222
137 185
94 239
14 20
360 421
212 189
142 123
333 268
182 104
382 336
140 111
373 92
27 125
220 8
86 473
129 63
66 312
31 347
194 365
94 170
314 251
31 443
294 500
484 499
67 25
16 192
429 347
122 51
243 471
218 176
153 93
23 131
224 460
289 359
159 20
97 280
207 151
420 76
345 251
383 359
454 413
120 56
387 242
257 102
24 74
479 165
65 277
196 59
455 314
20 484
355 257
410 244
62 39
237 417
206 60
296 357
202 422
461 348
463 339
299 317
408 344
5 100
112 258
22 288
317 246
8 118
266 150
247 3
211 102
451 24
116 162
469 403
138 261
224 1
465 327
282 291
372 151
385 353
6 6
165 380
193 187
126 158
397 442
138 213
175 244
347 406
55 46
249 20
488 236
286 129
270 46
234 185
427 59
380 199
374 436
160 185
432 220
340 129
344 325
461 352
119 498
335 199
23 78
49 59
155 59
86 145
453 122
254 211
173 127
433 151
140 393
160 478
227 165
305 39
469 343
336 252
108 79
141 172
471 389
17 421
279 65
59 109
494 105
386 232
38 247
104 283
466 288
132 216
50 318
344 245
9 446
200 492
424 235
352 402
418 405
216 106
276 79
88 30
102 220
116 305
168 254
15 119
406 364
265 120
389 482
348 71
466 458
220 294
340 394
17 234
493 131
62 435
389 49
304 118
497 125
235 104
368 21
184 175
314 67
376 326
118 27
397 143
261 179
190 70
36 222
94 175
30 359
58 317
63 96
236 414
194 453
400 480
433 249
3 336
384 230
496 74
23 44
152 250
30 216
330 402
12 455
276 348
293 214
358 390
459 223
43 117
41 444
185 337
108 80
314 291
324 131
361 347
54 73
106 390
196 127
305 18
428 90
249 255
421 218
15 392
373 158
199 49
285 17
385 458
225 279
35 316
461 122
481 40
264 435
203 469
178 307
384 356
112 397
202 214
216 35
182 286
332 27
42 161
75 337
470 341
242 85
260 453
151 39
440 22
142 469
399 124
332 436
255 308
201 108
119 270
324 455
79 337
291 346
38 280
382 101
228 40
255 359
12 111
340 61
149 128
142 59
37 463
145 326
19 363
61 421
469 334
411 44
275 31
358 209
171 452
1 463
399 123
191 8
302 182
407 2
59 145
311 414
186 132
405 61
442 172
276 217
327 234
316 92
245 402
123 84
292 342
100 67
446 333
348 236
366 50
434 308
229 341
381 494
388 440
25 304
62 51
464 473
303 434
423 410
434 397
197 94
374 358
217 191
97 122
48 160
28 377
54 9
476 391
125 418
397 118
2 372
232 417
474 36
304 183
392 153
94 435
180 3
312 318
26 237
183 296
352 353
273 118
486 417
164 484
236 268
233 313
294 444
339 334
43 184
342 153
190 35
419 463
491 382
447 112
463 349
282 236
229 244
228 223
58 299
226 253
195 12
83 68
337 248
80 160
1 47
377 36
7 443
431 199
423 201
78 320
72 470
172 360
444 91
71 332
211 377
207 191
373 325
338 140
410 208
405 251
11 489
213 200
75 4
185 149
243 304
190 377
85 366
48 337
313 288
24 252
338 290
149 122
309 388
125 367
117 151
34 279
159 43
305 294
152 305
478 212
346 238
195 415
19 19
474 266
193 160
441 335
452 332
264 468
168 138
266 145
219 11
454 357
87 238
451 100
204 304
263 283
359 20
414 492
146 378
4 327
196 452
223 494
380 228
273 317
89 312
330 127
413 326
304 161
273 103
369 314
334 473
279 351
377 461
123 396
172 184
206 66
138 253
240 259
264 120
441 173
468 248
251 335
265 373
455 34
384 462
295 432
225 497
35 38
117 271
482 103
27 263
33 285
314 170
119 336
337 434
257 486
222 446
189 130
268 464
423 3
78 132
91 228
107 235
23 88
276 33
465 474
349 200
122 125
50 179
473 88
315 444
179 56
318 273
349 7
233 125
470 483
234 235
183 252
296 318
81 308
270 86
150 79
14 198
89 16
72 418
100 123
303 258
331 137
148 438
156 104
184 55
158 324
373 481
31 496
190 311
22 228
262 221
34 336
41 402
474 337
339 33
258 193
321 248
411 66
138 405
43 136
323 297
62 123
287 395
21 174
95 161
459 61
80 40
323 314
460 205
449 301
54 449
125 13
432 107
343 43
207 115
121 119
55 252
357 421
99 17
