3000
481 56
297 0
206 351
402 372
348 483
389 58
413 339
54 16
393 163
89 465
418 313
241 390
386 381
16 155
148 186
442 79
398 158
471 403
473 140
471 500
431 107
17 407
360 232
98 291
210 479
12 329
334 364
377 149
209 492
120 229
213 171
456 443
488 91
316 210
103 289
337 66
406 241
87 354
209 134
0 93
60 127
194 355
84 214
174 342
195 433
286 349
293 163
126 281
38 14
11 471
377 70
273 169
181 421
213 173
425 243
492 209
201 111
403 160
6 34
404 18
429 440
109 285
175 413
102 22
388 265
310 92
213 449
499 79
408 192
434 256
223 298
357 104
47 355
441 52
279 299
227 366
408 147
479 30
355 81
361 260
305 432
95 493
204 333
85 65
318 32
349 226
387 184
13 424
104 14
181 26
361 336
225 16
498 310
371 268
415 372
266 391
466 216
304 73
343 95
456 118
83 184
122 21
73 170
188 430
82 8
101 245
2 330
163 338
61 299
437 120
321 177
1 108
306 174
257 312
211 313
204 70
487 440
301 242
301 65
366 435
172 192
176 75
257 18
108 14
2 149
102 10
491 369
335 451
333 373
60 400
401 222
305 338
52 298
256 160
100 437
266 279
211 438
381 229
329 468
228 19
403 112
481 86
210 345
57 387
398 178
273 420
107 425
160 146
252 366
437 257
455 298
162 199
419 264
357 410
73 99
439 290
165 376
124 476
125 203
299 111
130 4
185 258
233 474
462 122
234 71
366 408
219 77
82 145
199 320
154 133
463 58
471 466
347 50
84 460
285 328
260 498
315 260
340 86
126 323
386 6
63 321
164 322
66 54
387 489
249 423
276 495
122 265
492 396
491 320
295 134
88 273
480 296
223 108
65 39
143 327
444 15
51 6
439 439
77 77
381 153
194 433
435 457
466 292
105 497
477 472
495 198
365 271
466 330
142 440
238 148
436 431
49 28
375 352
206 258
141 148
447 289
353 129
431 390
276 400
493 46
292 293
402 278
202 379
126 239
232 141
45 334
440 301
293 172
447 363
389 474
287 290
441 297
97 399
172 170
492 84
39 454
344 135
332 183
218 225
72 391
104 463
379 15
316 258
75 93
4 185
185 425
448 466
117 202
294 356
203 121
192 201
2 245
60 207
102 380
147 86
168 405
488 69
410 279
289 110
360 70
359 423
387 395
172 330
217 339
61 213
402 358
49 223
183 232
338 269
249 497
338 126
18 460
257 478
444 141
31 328
327 458
121 180
212 406
461 161
1 310
434 23
367 259
229 382
61 127
149 326
405 253
30 259
13 159
182 128
289 247
97 440
497 451
216 193
293 48
254 66
238 438
283 425
86 460
197 360
142 475
196 497
236 433
195 361
16 39
25 309
1 243
494 249
162 476
60 161
457 109
62 89
337 493
124 316
321 319
98 170
322 152
316 56
339 429
119 297
252 98
26 283
112 472
455 13
174 281
417 197
39 201
139 392
105 332
395 16
286 338
476 200
171 205
418 162
200 219
148 292
112 198
390 122
222 383
294 332
232 165
157 340
306 381
103 273
254 160
198 469
467 128
495 279
284 311
469 50
24 112
289 437
214 294
186 182
205 82
479 471
119 425
152 340
163 345
424 25
435 0
157 469
79 207
168 279
33 109
72 118
38 339
144 460
85 138
230 192
446 80
196 436
388 437
366 104
496 306
34 339
486 420
144 112
344 234
139 72
210 59
417 234
411 444
244 362
49 291
427 107
180 384
334 15
364 115
291 432
78 195
229 25
425 278
159 47
142 181
276 498
340 53
305 74
89 132
352 85
318 41
445 131
295 436
376 332
58 356
191 214
151 353
376 343
471 92
92 469
451 96
42 244
170 13
218 260
314 285
490 92
373 182
75 26
163 371
201 119
323 207
450 456
355 209
259 281
461 291
37 86
286 19
400 23
409 303
469 191
368 412
134 397
287 6
102 17
49 179
10 112
354 142
482 249
271 326
245 96
15 317
316 215
181 488
4 203
204 20
406 329
36 295
257 68
468 442
208 220
96 430
172 192
88 386
69 133
456 430
371 339
36 478
269 314
435 413
29 136
22 454
396 125
319 243
388 207
38 246
16 180
367 285
300 320
324 59
192 446
9 459
234 211
305 141
284 95
4 61
5 156
230 102
70 294
82 280
162 51
214 304
474 149
151 262
347 44
296 64
204 309
460 186
108 414
231 42
306 97
148 376
210 387
209 70
299 358
216 451
163 232
157 377
366 87
383 323
245 100
412 336
105 268
33 391
43 87
353 394
164 192
340 26
163 173
22 490
298 60
93 50
196 120
63 163
99 30
255 249
91 54
397 214
324 300
6 101
298 233
51 4
376 252
248 257
430 42
480 432
140 486
47 109
46 32
457 320
287 129
5 500
270 13
126 7
29 353
117 77
379 71
278 345
269 70
247 349
117 320
63 259
130 36
203 465
419 349
242 111
306 235
495 397
252 226
60 175
487 351
361 230
142 72
431 183
26 109
198 9
5 19
479 304
387 188
162 53
21 308
36 60
168 380
333 424
4 10
123 411
216 464
36 443
6 107
213 176
265 280
176 352
354 185
42 43
424 402
367 427
19 250
168 227
218 242
19 70
118 367
127 92
104 268
52 62
474 317
32 425
494 9
175 265
229 148
143 183
67 79
408 87
362 52
3 307
251 387
282 217
425 442
308 493
301 120
409 39
94 143
498 42
479 336
419 12
282 324
255 42
77 172
115 148
478 181
487 99
259 173
192 181
32 73
0 414
139 348
378 453
297 421
47 476
169 278
126 72
357 96
332 248
495 388
25 85
429 23
435 421
185 325
176 460
179 380
260 482
262 256
448 219
146 102
272 212
45 216
148 287
191 458
12 273
485 467
116 208
254 342
251 499
481 260
319 81
78 482
143 327
396 328
21 469
248 256
55 457
44 495
304 23
142 475
227 476
319 23
422 408
234 78
281 396
446 97
297 291
419 319
135 65
292 40
295 458
332 291
59 107
70 211
65 392
500 269
312 296
170 114
96 396
224 331
168 263
100 36
129 147
414 145
202 473
48 300
222 227
349 402
412 210
323 430
443 438
284 173
54 298
120 293
39 470
220 469
155 213
317 159
447 90
194 23
106 66
270 384
79 381
24 332
184 311
138 269
121 116
101 37
9 263
156 405
236 30
257 274
357 442
312 286
393 263
277 325
124 253
145 295
447 86
213 328
131 233
184 434
337 119
83 297
465 138
118 493
429 455
19 452
298 393
399 334
346 248
422 231
68 357
56 241
70 366
287 113
321 64
204 260
325 444
68 39
353 309
319 398
484 492
198 61
264 37
102 130
141 90
227 59
311 460
270 60
323 87
16 122
479 348
377 258
102 425
363 306
107 200
44 226
478 232
462 151
200 91
63 110
28 310
386 343
166 303
396 156
98 364
461 443
340 200
481 350
425 378
354 94
211 272
400 149
213 431
247 26
35 464
412 415
177 411
230 184
465 256
316 439
37 336
321 373
325 111
28 484
26 353
366 119
18 369
224 89
317 107
482 232
374 337
455 76
302 119
1 252
86 70
312 137
148 472
204 410
72 124
497 51
362 222
252 99
19 174
412 471
226 163
458 462
395 230
394 428
493 436
150 238
244 335
312 53
114 395
414 199
51 138
59 430
141 269
53 406
466 330
406 17
389 140
472 422
118 167
119 264
228 109
152 42
498 72
390 313
20 114
149 247
289 194
130 484
101 55
288 364
323 67
481 332
348 25
333 392
470 66
230 217
12 366
146 405
312 494
320 108
334 203
319 434
362 98
201 473
46 17
234 131
389 329
162 414
198 387
349 38
379 79
4 487
27 428
43 242
346 136
437 402
364 408
419 60
492 428
405 118
85 67
201 381
152 388
391 428
188 39
32 7
139 497
139 460
438 350
323 344
46 162
255 174
384 27
95 455
87 91
247 340
434 428
293 335
97 31
332 259
499 62
52 375
13 169
38 399
466 337
337 447
24 84
331 54
42 45
113 472
365 40
296 281
50 243
179 258
136 100
313 4
338 276
161 175
412 170
464 15
265 42
247 8
493 243
365 238
209 84
456 333
270 119
122 492
212 500
485 106
283 95
179 161
24 202
192 19
475 393
92 257
314 227
147 113
63 388
244 460
477 277
169 92
422 398
215 329
391 473
116 37
495 460
238 267
345 100
314 166
442 429
53 68
459 151
47 437
133 294
426 299
215 288
397 257
412 97
458 93
128 179
263 313
10 282
378 421
15 84
347 73
210 78
116 236
97 149
249 298
422 171
468 105
175 76
256 138
448 399
90 224
428 229
1 92
384 397
238 16
407 153
244 452
492 197
490 359
494 256
36 20
361 282
127 339
118 395
188 486
262 477
10 77
183 156
346 450
186 84
471 446
245 80
245 144
389 232
168 357
243 38
90 333
281 395
152 256
288 138
142 55
451 440
290 276
393 319
130 496
232 83
264 247
362 460
214 432
135 162
257 248
275 384
47 358
358 116
106 174
245 294
313 206
34 450
412 207
362 68
93 426
5 82
300 130
167 90
278 146
57 167
330 333
237 146
33 425
394 390
454 449
39 420
491 136
160 36
369 19
177 378
47 299
324 147
289 464
122 157
126 87
462 56
204 321
422 168
153 156
276 37
235 54
183 429
225 28
140 398
312 447
127 382
347 210
249 409
164 297
30 163
147 440
74 65
395 389
366 467
130 452
486 198
151 493
441 388
367 140
24 367
49 394
303 186
250 417
139 485
105 356
15 138
186 56
472 479
193 323
259 218
185 210
260 500
460 156
389 259
87 446
14 5
466 461
86 387
370 41
189 130
440 473
327 22
365 311
151 384
393 26
386 218
496 206
309 134
470 235
94 42
369 107
334 69
427 416
95 259
219 43
489 6
259 172
377 336
275 470
330 456
99 152
187 138
270 289
133 287
498 235
410 78
261 166
225 33
82 191
53 93
338 328
259 160
25 98
83 31
349 409
19 83
220 237
411 322
251 453
121 480
26 455
109 260
316 285
424 414
343 231
490 179
88 280
182 365
213 145
293 415
321 368
382 200
463 21
57 429
22 155
471 445
151 313
311 296
224 469
237 268
36 238
87 185
490 152
164 185
349 100
273 468
89 443
249 126
186 25
200 115
400 362
198 152
193 179
218 158
15 483
290 359
175 19
205 202
163 107
201 454
485 175
424 123
31 385
161 312
77 261
245 366
227 94
202 290
421 480
443 167
87 277
157 120
391 462
120 11
215 27
45 244
264 134
101 193
8 97
238 12
456 173
304 496
24 351
262 64
269 470
325 375
271 371
87 118
297 350
173 360
334 300
313 287
289 46
318 419
336 54
296 277
437 386
315 279
422 119
89 396
69 264
67 419
262 136
107 276
412 292
199 142
452 207
322 278
270 5
173 262
117 115
249 271
303 498
99 112
207 476
272 455
481 464
273 97
264 320
190 227
83 161
375 400
388 273
315 392
140 495
161 378
438 113
350 267
260 130
84 372
0 486
312 75
500 23
131 83
413 301
375 304
462 184
285 131
74 258
481 9
94 122
100 485
144 448
168 4
244 385
183 124
13 62
178 274
76 484
223 251
36 415
229 37
373 239
28 36
467 42
332 44
29 344
380 486
296 181
447 93
388 65
164 112
394 144
355 198
66 103
279 181
9 88
211 248
167 100
324 268
452 242
56 260
353 470
229 412
389 89
276 85
439 85
195 141
149 343
470 244
16 482
97 150
165 165
179 481
424 54
161 278
207 94
406 215
364 160
64 293
422 384
415 88
193 109
0 265
44 382
197 459
152 129
195 314
29 122
77 279
219 474
360 495
409 118
112 25
437 211
12 36
425 135
209 277
327 254
72 470
291 113
444 409
12 392
113 187
43 319
56 417
381 2
453 261
206 300
471 314
20 41
253 370
268 131
461 167
310 137
245 54
418 257
75 27
221 29
202 235
401 43
32 243
410 342
242 192
388 369
359 42
240 286
23 210
18 110
103 29
105 198
111 318
349 81
206 467
258 351
388 400
272 361
484 170
167 101
25 229
272 255
270 224
339 109
447 355
185 107
472 352
244 179
189 118
239 406
254 308
27 416
495 64
371 206
53 460
98 74
100 288
374 439
417 102
491 474
116 196
250 463
4 325
236 487
300 367
365 74
441 37
264 114
272 91
449 395
355 416
24 26
273 1
182 126
402 346
327 185
394 1
400 256
301 387
404 331
305 157
75 486
48 450
175 389
414 332
180 63
429 240
284 393
44 134
486 59
197 350
96 189
235 4
315 277
488 101
239 188
63 332
158 434
321 276
343 407
479 137
403 492
5 257
300 79
381 207
355 334
443 171
169 140
257 178
57 214
366 467
471 439
60 248
179 76
231 494
402 171
376 319
407 60
430 137
249 76
280 223
240 197
451 491
421 250
447 59
315 131
137 96
213 167
329 10
107 462
180 11
327 32
239 408
111 118
288 379
72 104
277 447
269 28
218 51
4 276
344 457
303 74
39 429
275 418
301 399
179 75
46 182
150 225
409 261
246 178
282 137
495 498
298 380
461 46
258 140
104 396
53 92
46 129
227 319
90 88
31 177
406 138
295 404
470 487
46 459
246 241
181 394
215 174
145 458
323 94
82 228
368 411
178 202
258 85
153 308
143 208
289 308
357 458
280 162
471 120
470 381
158 166
405 164
191 486
9 155
30 256
60 339
395 277
322 120
121 293
353 302
307 382
24 425
242 19
364 404
483 15
493 496
374 5
78 153
195 56
335 114
165 280
282 198
23 202
500 398
276 34
146 4
166 41
401 13
70 331
100 143
481 452
340 84
186 199
22 205
30 479
80 152
112 200
188 30
356 395
14 338
409 213
474 304
359 385
140 340
216 467
404 235
303 111
219 67
37 57
447 285
349 66
83 222
200 339
265 447
333 421
45 176
140 202
84 174
287 207
344 156
497 358
203 389
17 384
248 20
121 98
329 499
336 340
112 223
339 389
269 76
137 267
124 265
45 216
458 0
469 381
288 460
256 394
469 78
156 392
269 137
23 199
181 112
341 475
466 167
447 420
124 179
0 346
306 380
356 492
245 271
315 195
159 86
97 409
141 440
447 249
456 34
479 270
226 426
357 398
144 343
202 20
400 432
203 384
489 405
427 320
414 70
63 494
313 149
356 465
95 453
464 327
256 275
240 500
73 324
203 369
101 248
0 113
346 406
314 463
165 381
94 124
259 215
62 335
72 184
317 17
187 193
424 460
385 480
403 200
496 378
97 490
406 31
348 42
289 429
2 258
188 387
22 208
259 414
330 92
306 474
467 121
457 25
22 399
416 87
192 253
2 466
211 469
405 280
429 163
376 212
141 183
493 87
59 230
167 1
297 164
497 131
172 207
390 414
46 130
242 20
197 114
322 234
242 237
411 431
340 461
174 137
312 1
62 304
62 399
217 418
116 337
75 436
258 57
400 131
305 326
45 284
136 171
206 41
4 204
185 399
425 434
320 451
11 228
113 74
421 202
382 257
175 289
205 411
132 351
361 133
17 495
53 274
95 255
455 252
157 118
61 333
67 136
474 203
255 17
7 314
326 85
127 286
296 470
347 44
303 140
329 249
363 52
343 268
460 141
29 468
66 355
350 290
136 193
321 287
143 249
56 254
379 446
353 280
59 290
350 74
484 333
237 147
384 159
29 463
426 331
166 222
116 364
16 484
77 429
320 472
16 378
286 180
216 386
438 262
482 342
380 205
231 86
431 26
482 414
408 13
206 247
59 211
456 40
186 432
358 387
358 307
243 384
120 106
140 126
50 5
167 26
202 318
342 366
168 151
58 441
238 427
100 96
229 47
115 421
276 4
248 217
392 30
372 42
50 106
92 406
308 447
40 493
71 454
340 221
470 164
347 132
286 476
451 57
124 323
361 54
487 482
190 495
32 325
62 246
53 259
230 332
58 499
88 204
85 333
30 488
332 79
214 31
409 296
20 174
101 165
137 37
361 113
251 259
441 491
111 60
445 251
437 455
182 161
288 276
218 158
218 85
337 488
164 271
165 35
368 403
148 386
159 487
337 296
431 284
310 436
488 223
194 111
200 441
1 478
61 216
467 272
474 309
71 259
201 408
333 447
423 140
490 416
214 108
144 218
12 443
78 354
226 252
225 128
425 482
314 346
283 38
77 160
190 92
202 320
360 143
464 417
154 436
22 229
306 400
426 463
424 463
445 474
318 131
135 290
484 149
277 107
440 4
360 373
480 133
122 423
210 176
379 410
103 16
279 246
87 300
449 469
13 325
352 291
341 305
278 447
467 147
310 373
177 146
165 179
15 124
298 97
218 89
46 108
468 292
245 125
484 313
228 453
306 274
494 12
218 414
322 32
449 254
441 187
135 426
459 308
142 339
444 364
449 374
191 332
378 15
49 428
307 92
134 409
414 82
430 475
129 178
127 272
303 157
492 39
472 371
353 94
273 204
128 66
339 433
217 219
204 477
345 264
325 264
454 362
248 46
437 353
293 431
375 187
434 236
273 221
306 345
386 355
49 324
434 320
54 85
420 472
208 284
282 153
171 188
497 468
126 287
495 131
439 40
149 3
10 272
286 439
330 25
95 80
105 207
488 172
193 454
243 22
14 447
206 302
326 267
276 421
296 11
81 222
398 218
57 497
296 385
226 238
261 101
490 23
301 35
368 294
93 353
184 88
167 117
245 230
232 281
81 247
459 9
350 155
319 67
401 152
112 190
12 403
136 33
282 63
440 446
63 157
436 84
465 60
236 263
462 360
51 369
6 487
360 263
465 161
55 393
494 129
95 168
234 208
200 129
213 347
41 81
214 411
349 84
29 418
130 223
499 314
389 185
6 9
480 47
451 85
38 213
200 338
123 380
196 217
282 368
171 44
298 192
209 22
275 254
82 74
131 377
397 257
83 465
408 495
274 233
110 19
178 140
447 491
236 201
365 251
430 117
468 416
270 64
124 140
140 88
335 363
43 1
31 280
38 188
122 8
257 177
8 180
159 63
102 427
367 430
148 397
389 301
323 70
431 9
360 132
444 295
170 469
333 311
192 355
128 82
57 121
13 84
38 439
149 141
40 298
9 451
404 491
399 261
10 268
470 244
63 264
109 302
201 256
5 269
135 284
224 233
90 226
195 277
16 147
370 338
311 8
105 60
284 237
413 429
400 427
109 128
52 334
2 410
287 404
201 251
83 425
18 287
478 284
86 478
67 406
462 486
418 434
464 234
129 384
359 215
55 378
239 90
16 31
460 471
387 32
116 5
199 125
31 386
138 438
460 456
281 396
147 497
106 379
339 308
167 236
157 294
340 456
369 500
222 91
196 126
167 181
57 388
181 356
295 341
373 86
443 111
317 373
184 447
387 423
471 273
283 400
23 74
122 302
218 210
324 159
274 71
54 410
230 398
93 204
117 266
80 72
58 329
180 425
28 358
397 411
387 106
186 142
491 122
360 241
290 429
442 187
272 142
416 236
3 82
41 452
275 5
170 235
1 360
361 293
107 230
53 332
39 306
114 227
71 489
72 405
334 79
174 464
101 135
92 32
235 272
362 344
499 71
77 397
393 60
202 397
155 219
399 499
50 116
164 397
3 270
87 471
196 144
472 268
189 354
434 136
202 472
198 301
487 462
76 369
272 320
469 199
227 188
89 2
436 355
253 452
229 124
145 376
0 40
36 207
96 478
44 298
275 467
313 402
38 110
170 431
295 475
345 258
451 183
166 296
5 113
460 494
78 403
119 396
479 329
412 108
412 366
158 295
6 354
201 440
52 109
30 44
243 82
38 49
430 81
391 299
288 213
17 283
0 51
411 201
36 461
482 252
56 339
355 126
154 226
478 477
422 419
279 154
84 264
138 320
499 248
428 143
259 188
89 156
215 472
241 122
260 122
11 495
186 173
97 137
303 475
12 221
281 212
386 342
399 248
16 26
48 295
140 159
320 410
23 313
383 279
436 106
345 290
399 223
358 143
398 71
67 180
59 471
436 300
420 193
346 433
100 133
172 17
439 281
308 136
135 202
56 287
252 108
69 85
354 33
222 387
333 495
399 480
413 112
490 117
372 327
69 238
80 14
219 96
78 165
281 145
477 241
245 184
419 359
276 95
259 59
465 0
456 401
475 407
469 118
272 300
363 293
149 96
86 457
186 31
31 351
342 137
151 302
419 131
253 1
498 241
5 428
92 76
385 388
106 43
143 269
477 389
221 452
130 166
464 377
325 13
100 361
93 297
461 486
116 35
166 288
65 334
203 15
366 254
60 249
377 147
266 200
318 200
261 204
427 52
136 28
79 444
141 176
343 410
209 285
447 56
245 277
34 219
430 397
207 156
357 146
395 279
36 392
21 165
197 49
462 354
84 368
431 117
121 139
303 466
113 489
230 70
320 48
38 27
497 144
4 197
50 484
460 365
165 482
333 370
119 270
275 15
254 18
358 497
0 394
77 493
250 433
298 178
175 492
217 356
388 160
274 159
299 223
127 88
318 246
428 58
191 392
283 384
494 334
74 107
339 155
198 444
422 38
384 104
324 177
245 458
347 363
257 268
388 125
326 191
27 239
284 274
159 41
321 433
374 52
437 64
125 458
232 149
65 55
432 318
97 317
186 357
482 130
133 354
296 473
404 234
11 83
57 34
323 56
107 425
324 339
479 34
117 143
366 410
451 486
403 142
226 164
246 49
390 69
303 190
48 249
304 274
353 320
29 437
243 387
48 166
320 77
354 146
240 84
478 493
248 284
174 321
451 58
200 40
195 438
422 174
41 381
97 33
445 231
90 113
368 477
442 395
259 257
440 210
275 79
125 370
341 305
209 322
210 177
496 83
483 406
251 112
243 480
305 114
68 359
377 259
286 325
117 343
481 108
157 417
3 375
62 222
436 474
250 399
180 284
120 429
428 427
367 188
390 107
92 291
158 475
352 347
72 483
444 203
471 53
152 150
254 53
370 454
334 85
334 448
68 75
216 196
108 451
455 487
293 191
264 493
124 159
61 391
383 348
311 73
261 401
62 85
473 238
93 279
302 232
441 379
260 96
194 240
444 164
86 347
179 39
238 149
37 16
140 371
492 165
127 143
195 196
11 70
110 142
162 338
479 377
356 135
168 211
212 194
189 27
149 417
293 389
322 63
256 88
368 213
2 58
235 373
144 68
499 470
65 6
60 225
300 174
113 387
39 492
245 432
375 126
95 230
304 373
391 121
113 491
220 105
476 483
99 54
477 361
242 319
54 11
497 235
267 17
483 394
229 251
312 97
349 101
169 393
459 459
363 103
356 68
93 6
32 396
334 360
186 198
176 234
111 458
78 21
460 142
221 248
429 407
339 236
311 149
246 427
365 174
269 364
89 384
133 411
81 489
96 432
432 223
399 307
349 393
0 108
209 85
217 206
330 45
305 241
207 125
20 129
266 295
223 432
41 391
178 233
86 477
455 3
309 419
438 300
241 173
33 165
263 335
10 160
466 241
134 20
198 485
110 479
278 309
176 151
272 454
132 56
317 138
146 123
312 263
68 144
451 490
300 446
476 263
269 196
63 83
317 139
229 184
140 429
109 207
91 449
121 429
453 492
310 314
14 371
163 236
293 265
398 182
51 195
485 10
393 109
113 288
473 499
118 200
18 233
72 218
195 27
11 51
130 365
342 118
451 494
489 251
78 397
455 492
81 151
36 271
90 364
437 248
12 134
39 136
479 442
185 402
202 68
112 274
78 111
186 85
160 36
131 500
44 444
50 335
350 263
285 314
473 392
109 381
470 447
312 100
36 56
328 302
331 76
6 107
368 246
274 373
371 377
426 253
211 446
233 417
491 353
223 384
372 378
386 251
111 258
217 8
412 46
109 233
144 221
4 325
56 283
347 310
295 24
62 63
106 24
436 456
214 44
391 447
37 161
331 151
409 207
132 470
487 370
128 98
411 282
89 4
101 175
188 367
77 34
456 492
360 343
224 361
107 498
406 310
119 214
187 103
273 366
101 400
286 186
13 288
380 498
343 398
76 342
25 141
402 73
271 261
111 192
493 450
283 388
142 303
477 91
92 396
57 272
234 10
294 99
99 437
379 427
361 296
191 369
4 452
65 231
365 410
360 412
497 423
15 111
375 105
472 219
114 7
492 334
59 33
349 32
444 301
470 23
70 294
477 142
390 430
325 395
63 419
211 267
381 432
52 458
156 459
167 130
131 45
484 421
477 203
197 88
374 337
171 201
258 219
20 44
42 346
399 5
458 108
389 49
279 148
261 281
7 472
464 377
429 45
227 46
71 331
346 12
437 131
185 403
80 13
460 173
114 138
416 431
74 461
21 200
85 352
35 357
152 23
276 281
73 36
405 372
260 201
165 55
203 216
27 108
137 353
293 297
218 31
308 3
448 163
58 352
142 60
153 224
337 51
9 4
496 260
352 409
95 26
453 387
426 58
462 234
409 359
183 184
277 170
298 209
2 405
479 353
63 271
241 445
10 294
247 95
406 471
397 382
228 188
470 492
291 149
401 291
108 355
37 412
455 254
90 484
150 4
291 143
372 2
249 457
481 359
336 319
414 247
71 331
256 123
416 380
444 251
51 417
207 77
21 434
244 185
178 135
351 58
340 157
248 123
346 295
215 12
76 299
163 420
231 272
406 458
338 357
185 22
261 66
380 419
117 4
416 195
94 337
296 473
419 299
81 183
181 317
53 127
105 306
133 338
21 30
343 268
99 144
492 375
329 99
221 476
454 391
144 463
338 155
161 412
164 168
485 144
300 165
473 366
311 485
494 347
455 350
202 171
7 267
226 451
232 359
143 142
220 26
457 66
163 44
366 365
423 352
121 167
233 479
233 442
293 400
193 315
462 128
343 280
80 159
4 0
244 14
198 233
310 452
201 443
286 226
430 381
157 150
489 379
300 150
262 319
278 391
407 290
281 81
111 450
413 309
340 133
408 249
432 344
431 213
2 180
89 456
126 226
474 102
454 25
352 315
431 386
394 10
458 216
496 84
195 344
146 283
414 214
450 475
50 347
23 201
214 311
203 108
429 274
91 183
488 178
299 72
304 382
362 37
421 443
92 68
48 352
77 95
249 481
193 296
35 152
397 247
84 371
131 439
493 373
57 389
128 491
363 332
440 45
213 388
237 315
143 371
176 407
53 344
247 385
315 0
175 83
0 411
201 419
38 468
116 115
249 180
84 410
263 141
157 242
382 48
398 169
17 234
302 484
73 121
244 385
307 12
169 94
238 247
428 400
330 117
304 388
307 43
427 468
367 496
133 358
207 158
196 290
104 242
430 45
177 444
147 420
31 47
307 125
390 30
344 240
212 3
342 452
376 294
194 350
317 399
346 115
436 153
57 430
147 444
96 423
264 298
412 121
235 332
170 151
291 374
24 249
477 296
437 155
479 469
366 482
48 357
440 91
421 380
60 82
166 273
97 331
5 477
424 278
338 26
366 208
242 54
214 311
468 195
240 252
127 123
124 251
233 493
415 351
79 495
330 11
302 28
305 59
35 337
112 451
309 298
241 88
