9000
328 486
104 326
81 219
482 366
150 209
472 147
28 177
164 134
426 374
482 390
194 31
305 12
420 118
28 175
318 98
391 54
205 309
417 165
378 205
14 145
74 108
181 404
9 458
363 184
232 43
407 169
218 468
317 372
460 411
305 165
150 117
259 345
457 69
479 243
351 95
282 237
8 445
211 349
28 152
326 365
182 225
36 78
466 321
338 253
97 307
250 453
312 217
258 68
25 278
300 78
445 425
438 228
282 254
25 274
61 116
483 380
346 81
78 403
169 253
62 28
190 351
142 331
84 58
59 375
474 307
155 49
258 356
194 289
363 51
177 208
318 40
94 161
226 1
243 78
121 216
61 226
170 61
185 341
53 495
70 31
234 282
147 435
131 421
442 498
85 291
231 303
110 320
485 99
348 274
135 126
498 399
445 360
493 15
399 50
27 492
419 475
459 337
380 29
66 172
47 271
337 131
124 159
362 263
241 396
440 391
50 403
444 443
92 40
487 336
459 310
36 496
330 380
374 34
206 457
206 243
322 406
39 278
251 367
407 155
198 2
200 260
86 48
114 342
273 428
441 392
465 217
257 276
148 334
223 131
462 143
120 424
42 222
106 220
2 258
33 457
217 244
45 64
63 58
134 446
116 129
303 194
363 230
316 272
127 242
51 213
389 140
35 110
160 333
296 92
31 324
86 376
85 383
489 5
215 189
164 107
404 342
457 165
425 83
6 493
328 267
498 89
84 338
258 420
192 320
271 442
71 466
43 403
148 408
261 350
88 291
494 262
325 60
147 362
409 364
78 363
286 158
382 89
464 451
5 495
455 168
147 438
454 457
27 130
186 26
318 103
361 33
492 0
125 305
223 115
362 51
345 42
359 140
379 277
209 93
282 417
254 346
397 408
439 295
190 162
356 376
252 146
364 329
337 174
111 364
76 32
234 464
383 218
7 109
370 440
16 323
426 219
164 197
383 427
166 384
380 383
317 265
317 107
267 336
458 72
482 283
155 324
367 472
451 298
465 103
314 293
33 54
294 171
222 267
16 254
118 475
166 129
410 268
239 96
345 160
216 247
182 430
326 250
85 246
404 115
119 98
356 352
71 124
418 245
75 377
326 374
267 437
194 409
9 486
202 44
301 472
20 415
81 168
419 349
40 286
215 5
379 117
89 340
37 138
87 383
247 263
174 495
443 98
169 20
362 314
99 242
149 95
239 391
404 453
416 418
26 69
140 488
191 135
173 404
418 265
315 261
406 108
329 319
302 203
5 213
297 485
103 330
488 5
220 63
207 267
228 245
133 350
248 398
97 312
163 290
17 48
188 260
138 430
143 22
405 133
337 18
43 142
500 388
175 221
329 187
273 361
218 47
443 112
238 237
81 303
173 198
76 500
153 261
102 374
288 487
47 471
229 349
156 57
493 105
273 182
437 58
350 258
354 229
204 3
95 122
428 442
147 142
66 0
439 291
195 418
445 235
306 218
289 429
492 251
245 61
452 452
214 154
273 331
236 289
296 417
303 285
95 390
424 58
497 72
260 213
71 41
76 330
244 229
395 223
404 196
357 220
429 172
436 286
456 467
482 87
446 456
47 248
133 360
395 454
199 447
386 241
293 420
449 174
126 405
280 320
26 337
272 80
122 280
270 115
240 284
474 239
1 195
40 351
155 375
161 63
468 79
169 43
106 398
192 405
373 215
145 107
421 481
239 164
217 45
311 131
345 38
269 399
126 388
469 468
413 336
26 251
313 173
267 481
59 54
484 347
448 9
406 334
131 292
82 310
225 403
262 161
266 143
449 314
311 312
419 380
65 276
217 381
56 313
361 243
497 259
314 180
335 472
418 77
311 439
236 305
158 55
355 303
355 341
153 295
483 194
158 244
325 24
20 422
408 241
439 332
164 103
53 74
444 329
392 315
18 114
316 217
431 249
404 448
276 236
410 58
211 441
425 168
239 321
161 199
248 223
32 233
336 27
131 384
107 24
394 294
255 475
290 150
294 300
330 81
257 314
118 208
462 430
369 425
371 267
451 392
57 446
193 371
254 391
142 72
493 125
308 346
59 132
285 455
409 311
19 224
396 32
342 69
337 243
325 453
346 424
382 411
347 425
145 137
96 457
455 119
394 149
238 280
282 35
271 470
455 327
454 24
161 159
164 429
121 207
424 384
188 131
302 98
237 389
354 326
399 390
75 244
251 171
272 170
104 113
211 165
57 488
351 219
124 291
125 77
54 207
389 51
127 378
17 225
247 267
484 104
168 441
486 155
456 493
254 382
234 247
462 261
220 225
394 443
71 478
455 179
497 414
311 495
32 391
338 389
98 395
153 343
460 429
352 412
62 362
196 460
295 445
492 355
418 102
478 135
107 48
311 498
136 193
479 90
112 218
204 43
66 246
210 231
407 272
217 477
242 113
382 327
323 13
399 292
267 25
367 460
267 219
347 34
156 319
88 203
487 17
201 156
201 394
190 372
488 408
85 198
310 414
5 250
317 374
395 217
197 481
332 341
485 219
107 366
321 269
14 437
377 268
236 65
459 198
449 306
218 51
424 264
162 201
493 433
415 174
398 486
359 425
451 368
448 114
485 67
390 403
211 440
336 479
10 152
388 241
216 463
78 472
52 473
66 278
41 50
355 329
275 341
54 457
298 259
336 249
327 146
479 448
470 487
496 328
379 405
95 45
382 194
110 283
172 433
441 90
347 391
49 463
83 326
483 60
188 13
229 283
263 146
454 426
287 81
281 375
308 472
306 19
326 326
387 253
132 409
500 484
451 197
235 332
28 446
76 107
442 388
347 113
347 429
69 309
316 329
149 445
266 385
208 399
362 372
448 366
147 218
130 15
253 243
30 271
133 205
451 342
424 158
276 296
406 49
470 318
352 162
316 285
312 324
173 471
395 160
450 219
8 141
105 117
76 291
259 221
163 307
432 295
484 198
340 400
348 288
73 277
450 154
131 62
314 298
333 256
28 151
125 380
74 189
274 457
55 372
28 169
496 241
467 331
140 268
435 9
496 46
304 221
199 253
394 246
163 68
454 265
452 240
162 432
95 426
495 167
259 350
114 495
63 106
327 193
27 329
475 2
216 99
411 265
434 35
272 52
377 137
140 216
291 305
132 68
379 480
442 184
140 317
29 357
336 16
192 7
382 471
333 37
296 435
398 165
376 219
107 222
125 458
89 386
112 290
326 224
5 436
335 222
4 318
187 274
21 400
425 86
291 299
69 216
418 242
324 357
175 302
186 336
178 357
224 240
99 32
229 41
356 339
161 120
235 243
429 284
45 20
38 409
333 225
145 388
62 251
476 289
389 141
155 426
407 457
2 266
78 183
445 89
421 496
280 179
476 288
140 202
166 303
330 219
427 53
78 88
238 154
201 122
287 413
41 142
194 168
133 314
115 420
57 1
148 408
51 412
30 394
348 495
479 138
347 233
89 381
35 33
372 353
209 129
200 495
36 99
332 260
273 4
143 409
25 330
145 346
35 459
166 425
489 497
157 476
386 226
96 434
40 347
16 495
446 238
60 84
416 148
208 262
125 129
452 343
389 388
151 308
287 19
10 38
67 128
390 2
186 374
447 244
297 188
451 145
34 167
395 247
427 66
381 172
130 260
234 116
308 247
459 466
400 241
68 153
219 70
212 266
341 60
478 239
67 293
495 109
296 92
439 179
276 182
244 383
211 479
233 208
30 388
357 301
175 405
104 117
436 162
142 113
461 302
276 241
301 58
181 249
409 220
2 415
402 233
52 219
139 63
291 285
181 166
445 161
378 470
285 281
89 6
364 425
399 425
249 172
221 240
122 51
208 234
471 57
334 316
80 314
134 50
17 285
86 240
393 131
85 250
151 348
334 316
282 63
248 239
22 295
310 231
42 488
190 275
195 239
191 394
24 407
388 381
78 274
493 434
459 122
49 137
361 415
169 214
264 67
482 382
442 200
393 111
134 337
30 9
87 189
154 287
291 436
276 163
126 159
340 327
196 146
109 371
396 482
301 486
52 116
166 468
390 153
355 13
494 27
316 114
366 89
292 472
413 334
254 283
102 281
479 185
204 438
2 50
344 330
94 430
49 187
200 146
120 9
229 206
380 167
211 256
355 92
437 150
236 432
23 114
213 63
357 45
486 450
329 267
480 249
145 444
472 39
473 449
247 171
220 481
221 337
368 251
287 434
217 388
82 87
135 233
91 322
399 18
459 445
83 309
58 169
287 467
164 310
83 5
437 477
64 369
225 83
264 41
453 484
72 443
317 466
100 209
392 102
344 108
41 500
472 432
322 319
413 332
2 265
474 103
181 2
433 234
67 323
198 97
500 228
116 65
421 353
448 425
23 154
158 101
95 40
195 90
354 117
83 40
270 158
94 253
108 17
389 175
42 107
189 421
10 276
447 172
445 218
93 425
318 441
142 341
57 285
375 4
2 67
8 13
390 116
232 491
454 261
0 380
216 300
498 249
54 168
21 453
498 146
373 217
92 472
188 347
443 349
151 341
404 131
303 295
344 359
321 440
211 415
27 324
242 399
435 386
21 9
138 184
263 303
124 36
267 226
237 176
15 22
354 462
250 309
138 274
265 185
454 331
468 182
168 461
14 297
232 62
276 24
350 236
405 269
23 305
279 245
455 436
198 191
242 195
87 14
453 167
289 333
449 428
109 322
123 443
353 370
462 319
132 238
407 122
174 160
142 4
376 232
434 328
190 230
377 142
164 138
37 89
105 492
146 220
337 340
354 126
248 238
220 119
237 134
83 193
113 38
158 158
458 401
421 413
231 255
409 126
339 111
275 127
478 208
177 396
127 494
228 256
21 158
203 72
94 174
106 172
324 49
274 401
421 210
232 335
9 179
51 271
89 201
311 230
7 331
369 495
20 41
103 158
10 288
64 381
478 486
238 36
260 240
91 446
148 348
147 287
332 172
146 90
491 265
405 298
253 284
33 202
142 91
80 104
399 147
424 492
283 470
15 460
185 74
251 487
399 232
398 363
484 156
313 15
239 49
235 150
386 363
181 106
312 253
107 232
213 343
4 83
167 38
368 442
24 242
284 27
68 80
228 22
413 129
209 236
481 46
245 7
226 210
98 15
382 43
253 95
188 290
209 61
185 390
376 370
428 156
438 440
211 472
77 77
42 151
98 261
230 65
393 89
285 220
474 262
370 226
233 374
339 394
160 362
27 341
258 435
383 301
111 211
284 218
90 410
329 371
437 222
132 320
136 225
336 128
382 416
270 328
187 125
462 438
95 462
134 331
208 371
384 72
59 257
89 395
379 327
359 239
56 138
366 497
234 345
153 172
131 226
68 270
296 352
231 52
91 177
354 168
285 13
178 72
286 238
323 382
8 179
67 182
152 158
264 279
255 357
490 196
362 414
250 402
93 378
150 263
2 383
370 436
262 45
262 277
3 342
277 401
341 454
346 265
53 364
320 466
171 407
127 493
492 350
323 151
144 1
443 394
52 433
229 223
177 386
23 483
252 138
235 212
439 7
62 441
99 102
248 218
217 440
250 400
349 265
435 383
65 3
427 50
14 397
229 80
148 153
306 111
194 429
89 119
375 342
483 229
412 43
139 365
120 294
85 90
457 267
405 386
63 101
198 412
334 446
124 435
140 192
304 340
453 179
450 49
10 159
334 96
427 62
481 120
493 288
55 226
95 241
426 402
85 256
352 256
464 254
244 61
410 161
118 344
323 224
165 478
353 393
306 493
169 167
56 5
115 468
86 140
466 18
118 135
65 288
197 253
246 309
99 261
205 279
283 274
488 420
302 377
137 450
336 231
394 201
393 96
184 225
380 22
384 241
200 183
22 279
142 137
219 124
376 35
85 182
170 273
365 116
353 483
31 483
32 387
152 297
153 404
119 86
50 151
355 341
356 179
387 134
401 351
500 204
409 344
411 321
385 163
442 29
120 320
267 459
448 366
481 484
211 201
461 134
448 407
331 9
28 13
287 107
199 158
102 179
295 290
458 339
90 62
453 168
104 220
268 278
261 294
300 279
369 32
385 404
463 470
84 261
45 300
327 206
232 101
30 433
224 322
425 118
338 317
13 412
175 300
308 499
50 481
220 406
259 406
404 56
65 470
257 415
32 375
270 119
13 213
140 13
20 225
56 447
432 318
32 228
339 446
436 407
385 6
316 458
303 244
236 499
428 155
352 147
470 175
431 166
69 203
204 322
230 390
459 179
149 292
240 118
270 358
356 309
133 436
230 432
190 198
164 280
33 96
259 89
261 192
192 199
206 241
116 281
240 246
348 37
274 212
279 361
337 31
222 274
32 154
161 26
107 90
19 62
9 479
361 22
203 325
337 40
474 181
351 231
318 193
389 248
292 355
488 179
217 263
283 78
185 321
412 338
339 50
440 448
161 20
15 143
315 40
103 299
228 477
448 25
461 487
207 186
41 76
133 408
190 319
6 78
312 424
181 127
77 324
216 489
99 461
321 449
74 340
144 195
122 65
169 47
248 486
237 429
179 183
284 422
23 169
110 41
36 273
179 253
262 489
429 0
116 431
118 129
441 143
121 130
54 141
277 203
66 390
448 150
229 43
152 340
175 487
441 165
337 401
420 4
24 436
411 284
221 498
287 413
191 224
219 74
446 7
40 224
394 179
394 173
356 423
472 290
310 474
474 380
113 231
347 141
18 143
265 276
471 351
342 327
362 196
495 408
278 310
293 64
300 397
308 402
291 444
212 202
22 482
97 325
84 216
267 6
271 385
424 116
216 492
67 180
287 129
261 229
455 476
229 1
241 218
495 433
8 6
392 421
145 411
128 273
350 24
164 192
339 82
423 336
35 136
5 159
93 85
66 57
176 424
379 471
4 367
80 20
215 280
268 499
20 301
253 362
352 472
53 472
335 494
184 9
198 144
17 410
212 201
475 279
457 26
241 392
85 408
102 127
90 155
245 253
109 232
486 93
27 210
292 51
152 303
292 355
246 454
365 82
452 455
103 275
167 291
214 192
339 487
75 377
10 388
463 489
163 121
196 96
214 313
166 322
276 421
274 14
207 174
290 296
261 364
180 318
463 448
357 90
95 391
300 51
105 313
210 132
140 305
353 235
339 355
464 143
428 189
47 478
343 177
331 123
71 306
288 290
121 131
282 41
230 356
20 191
294 312
499 313
173 483
111 89
259 124
55 425
420 497
350 132
10 55
330 430
149 431
431 434
78 456
340 391
35 303
144 101
191 49
174 26
24 242
275 496
268 446
78 287
241 372
148 134
413 161
473 470
113 375
490 175
43 147
291 15
85 6
409 201
416 134
34 103
98 33
229 344
253 61
302 147
265 222
197 454
271 81
203 156
291 333
98 290
342 213
134 248
448 313
344 45
224 350
144 402
350 195
120 465
193 330
469 355
484 309
445 236
213 406
286 227
355 283
430 349
180 494
128 426
460 74
119 281
479 481
291 269
425 417
167 345
185 380
67 189
377 470
192 224
118 376
137 169
66 188
311 490
491 396
169 365
489 244
17 108
321 492
101 60
276 66
468 373
165 95
161 366
146 378
177 345
303 486
229 149
378 35
301 171
438 192
235 257
161 28
260 274
67 202
306 230
497 155
407 266
366 199
27 442
97 199
132 477
458 468
492 213
2 319
122 267
494 183
330 274
333 350
148 368
104 46
221 155
455 130
117 72
114 498
245 286
233 326
430 350
82 263
112 127
426 454
463 409
264 372
62 214
72 164
338 480
160 342
251 396
179 267
366 441
120 476
188 458
68 330
344 410
296 346
483 339
158 68
461 235
208 131
454 108
168 298
162 462
327 215
23 420
467 439
322 174
22 344
24 460
314 301
358 181
488 249
323 426
305 362
263 431
174 264
32 420
392 404
105 307
211 98
202 253
231 132
415 387
385 193
184 153
354 339
341 250
60 296
37 65
280 382
392 481
138 426
227 333
13 244
495 267
94 265
35 44
69 72
224 205
301 111
46 238
456 385
140 309
93 343
489 387
55 53
75 37
105 368
252 236
187 228
413 373
12 283
428 305
6 398
31 391
142 293
179 497
364 334
64 146
169 72
398 298
454 232
250 55
295 147
313 173
153 386
44 394
401 88
315 280
265 225
478 13
190 307
264 134
223 17
367 470
176 33
204 58
104 56
37 395
202 17
94 237
449 156
135 499
270 427
12 219
169 55
333 351
444 373
364 409
405 266
40 492
87 239
334 121
3 446
474 287
448 404
343 484
258 38
159 224
388 370
482 121
423 75
319 21
449 53
35 165
180 277
265 369
104 323
351 417
475 127
278 367
442 253
316 282
452 255
420 73
461 33
488 225
224 13
440 450
132 236
388 120
325 314
3 341
47 125
420 472
149 191
374 90
277 381
371 439
26 81
473 400
362 365
353 374
159 384
496 154
122 314
199 363
14 303
369 223
57 69
392 149
459 31
490 136
184 410
117 216
15 450
73 256
453 4
231 424
96 485
277 79
267 394
70 191
225 323
132 72
442 350
365 56
231 402
171 163
180 440
318 190
302 249
466 147
223 474
416 187
450 413
374 418
339 442
223 178
4 195
71 125
492 329
236 430
253 56
326 262
410 224
414 253
203 401
22 411
145 64
483 312
395 54
258 184
59 159
274 220
260 369
131 124
465 109
7 158
144 432
59 465
48 1
454 189
463 153
233 210
321 244
289 475
17 71
99 442
224 166
439 103
474 133
496 136
72 407
286 424
241 233
148 162
428 202
390 158
448 58
459 145
461 326
306 410
193 63
372 366
61 365
30 373
277 277
240 452
321 125
332 112
323 213
36 61
240 350
81 121
151 453
344 139
0 314
29 435
182 82
131 2
23 100
163 243
485 321
180 419
172 274
482 202
199 93
445 387
32 226
444 480
278 145
87 408
317 58
164 473
213 114
449 453
160 0
12 416
5 342
82 324
184 348
353 369
274 468
413 129
465 493
79 77
313 369
167 285
243 309
221 71
179 106
146 144
145 128
440 81
353 84
307 291
186 126
233 356
186 329
238 109
42 251
78 493
427 124
255 436
388 55
269 26
380 118
151 429
474 137
424 222
217 101
326 371
498 177
150 29
487 487
224 153
294 91
75 18
300 470
414 490
73 216
209 275
310 276
182 10
498 459
408 400
170 213
319 123
98 27
432 313
216 390
361 28
15 391
171 316
186 72
437 459
310 170
368 2
209 53
322 488
319 173
205 352
0 129
336 479
395 117
203 182
482 384
477 468
338 268
111 64
335 307
187 239
245 55
293 414
96 281
469 211
372 55
200 215
184 114
329 215
107 169
465 42
394 83
144 347
146 17
224 448
4 63
464 222
220 38
323 365
222 75
51 53
208 213
160 238
94 213
167 378
260 414
464 78
33 441
288 317
275 373
28 26
128 334
120 308
220 283
370 23
161 489
386 209
93 2
82 181
345 296
34 280
439 163
381 44
467 310
331 94
145 142
347 322
398 74
221 428
330 386
234 253
479 164
315 343
385 302
358 212
33 120
147 310
201 486
321 297
384 417
364 409
308 286
250 223
497 445
227 97
150 279
204 73
119 449
338 288
416 402
397 481
441 41
182 334
163 211
255 299
18 63
197 317
195 469
482 195
182 2
420 122
240 437
31 39
475 71
410 58
221 104
325 13
161 203
81 109
419 249
38 185
349 118
291 10
397 368
24 320
333 372
440 457
439 30
179 484
110 292
267 206
258 359
447 136
160 208
227 445
311 496
17 239
464 255
336 334
377 354
245 229
243 183
377 203
61 456
456 462
9 147
82 57
464 58
230 481
435 208
82 297
373 31
364 242
304 354
416 434
59 203
29 282
394 350
110 428
130 312
439 247
98 183
491 450
148 306
11 443
250 485
38 258
223 53
342 445
303 197
263 454
324 367
301 155
52 132
71 178
237 257
69 164
215 162
221 205
165 196
424 220
377 231
197 242
23 478
181 314
479 213
489 93
134 201
37 388
454 167
310 309
161 114
419 328
340 246
15 275
7 81
295 270
431 14
453 56
448 321
431 412
462 425
442 70
484 500
83 313
76 378
454 218
313 309
454 67
22 411
91 72
55 198
385 378
357 32
397 492
443 28
343 260
478 258
249 356
446 316
315 66
296 480
343 430
118 34
66 17
258 464
127 103
428 295
327 298
301 218
243 409
303 204
232 42
308 28
69 110
468 401
349 260
386 397
322 458
289 202
183 10
460 362
206 150
440 306
233 367
293 256
440 439
217 393
149 442
403 166
418 229
446 270
352 62
312 179
413 270
416 166
364 321
86 152
476 155
128 157
445 495
360 419
431 479
269 139
144 452
351 243
410 399
190 198
139 244
291 253
440 487
493 393
143 306
298 318
169 78
151 185
388 13
61 424
326 391
290 272
366 371
325 128
23 146
208 102
432 488
37 371
423 404
373 62
262 305
500 406
272 84
83 494
268 311
244 438
273 218
196 432
298 261
22 308
365 320
276 291
199 210
228 426
168 54
41 328
453 270
385 86
360 404
34 176
112 92
283 355
78 385
239 196
127 156
483 454
420 291
429 194
237 49
172 456
256 460
134 69
100 148
229 484
364 130
313 213
432 453
130 39
369 23
248 313
131 400
345 430
370 243
169 418
114 467
281 81
260 334
42 128
375 74
58 262
330 64
432 164
315 248
167 274
138 139
359 359
142 24
24 390
144 303
363 385
63 482
53 36
423 460
392 491
99 33
394 311
458 120
60 460
197 25
120 58
98 342
374 293
2 403
5 72
102 313
229 202
254 24
338 273
483 298
336 140
119 247
117 25
106 59
379 12
388 68
326 425
54 78
316 288
153 107
292 469
261 124
35 338
489 63
494 280
202 463
250 50
252 178
213 216
194 167
150 135
135 153
208 448
410 285
136 470
295 453
160 31
129 280
46 479
366 417
111 412
341 183
387 266
418 240
146 99
214 154
437 403
444 465
263 272
214 485
258 21
334 22
175 38
150 159
339 386
295 406
110 415
310 276
103 170
264 304
12 342
286 266
148 176
156 165
248 424
225 357
55 8
450 405
473 451
197 485
415 237
119 403
432 398
325 296
498 363
132 86
65 47
306 388
212 227
454 416
428 451
186 194
270 399
66 266
145 13
486 410
411 331
334 147
247 153
170 441
329 134
356 434
219 360
107 434
317 219
163 459
499 39
349 133
322 0
227 388
446 77
4 330
303 54
213 450
155 109
216 193
9 31
330 240
58 252
117 94
400 352
465 356
53 110
152 92
474 414
388 350
35 108
23 39
475 104
278 396
274 114
197 134
101 92
163 97
498 266
148 321
364 215
455 414
444 47
327 157
473 273
439 492
39 376
410 74
30 137
242 231
226 344
7 414
14 5
154 386
288 98
241 476
119 69
234 355
354 107
183 344
203 397
83 422
469 107
225 129
475 374
231 323
246 182
278 344
269 263
45 489
386 229
311 158
357 329
15 430
116 339
289 109
250 338
221 454
185 375
402 315
359 296
482 352
2 331
44 364
80 196
378 447
80 277
149 335
449 274
236 65
445 316
318 282
79 117
237 196
380 275
352 418
485 197
430 482
418 272
261 219
124 264
150 189
347 69
277 256
86 238
124 241
275 189
446 432
165 303
306 453
357 371
416 211
320 375
493 30
37 496
433 121
38 429
418 379
432 177
462 38
296 358
162 17
33 466
361 16
187 378
109 243
4 324
421 115
91 48
365 149
117 449
232 412
5 477
315 170
385 300
327 211
135 281
34 477
484 121
468 430
82 475
153 131
114 167
140 321
265 443
309 291
438 451
150 480
170 365
213 389
249 249
289 93
240 207
254 389
243 3
44 364
77 451
26 346
191 178
2 488
251 440
288 398
110 496
284 71
0 5
230 225
418 450
20 22
495 34
98 478
186 313
90 430
191 455
15 491
333 228
52 425
156 30
225 167
154 498
20 499
115 23
32 142
455 415
235 200
199 190
388 394
417 330
288 110
310 352
136 133
134 41
192 26
24 154
204 382
58 127
395 23
110 177
340 410
70 304
111 333
148 42
133 77
289 39
57 137
329 464
63 119
393 83
152 485
409 373
494 306
207 23
168 450
428 35
401 346
203 423
474 24
3 424
446 64
136 444
498 214
279 162
63 42
351 379
167 370
435 104
1 457
294 154
228 431
333 280
313 187
228 287
485 450
182 78
330 492
392 468
11 43
410 375
367 86
200 328
407 10
200 291
124 337
45 83
216 50
371 122
289 432
146 33
171 387
463 202
304 383
425 94
266 235
326 140
175 323
323 494
25 192
71 221
303 197
160 226
455 359
445 40
379 421
167 200
423 193
51 58
86 71
418 292
242 241
416 275
178 264
133 350
317 433
330 127
241 374
320 25
272 114
443 64
30 412
204 363
74 324
382 367
419 82
213 341
457 373
28 328
481 308
356 447
137 414
248 59
426 31
30 497
149 397
396 163
296 486
350 20
439 492
109 428
100 145
225 165
35 80
304 115
386 211
393 478
464 43
395 226
282 402
59 201
129 269
489 412
12 455
377 171
175 191
220 477
289 307
31 285
257 57
265 77
459 93
177 75
234 386
59 141
36 430
436 405
79 331
95 172
439 215
468 423
471 287
379 286
423 319
438 103
222 422
292 402
304 308
107 445
29 136
396 175
390 176
492 437
180 374
137 348
500 289
326 437
345 427
230 296
146 410
259 479
82 408
324 222
238 300
390 449
500 257
182 286
103 287
67 496
101 339
262 485
287 116
287 229
484 53
154 309
496 118
131 278
169 114
487 297
20 318
395 341
361 485
470 482
363 360
49 157
486 465
315 46
401 496
323 459
185 157
262 375
223 456
211 82
328 255
310 205
490 90
373 469
291 465
260 168
6 77
274 100
463 222
256 250
46 336
129 203
76 231
343 475
152 72
196 152
491 271
45 230
310 131
157 425
470 309
139 374
332 438
85 467
36 487
274 16
430 354
353 152
482 51
226 233
140 94
273 143
133 298
193 488
215 483
82 250
63 171
137 329
113 126
161 443
387 225
117 80
378 273
380 407
119 82
374 227
317 342
304 477
258 207
371 444
136 385
457 300
158 321
267 357
418 202
64 191
337 349
53 344
166 51
36 29
224 370
77 451
180 19
232 127
475 211
63 435
17 10
238 466
160 389
280 335
199 426
397 437
119 369
350 481
153 119
78 417
365 236
358 433
149 129
280 83
119 193
101 17
257 89
200 196
246 429
438 86
180 266
392 52
387 500
93 152
386 448
80 175
130 420
420 201
320 395
72 265
422 216
438 385
380 397
489 27
56 105
445 264
342 196
381 315
390 195
167 4
137 393
240 210
445 372
319 188
388 17
427 185
423 208
71 3
8 450
410 294
8 38
256 412
322 125
171 216
384 158
417 322
249 458
263 318
109 4
135 277
66 243
453 150
322 421
59 358
444 495
430 338
60 94
391 140
158 454
381 89
268 41
134 132
178 367
22 147
387 96
103 395
44 421
207 394
123 104
305 336
367 247
441 172
288 237
469 417
35 237
245 227
496 79
27 6
207 460
2 269
90 171
75 293
17 80
472 171
283 272
484 417
185 453
396 366
106 10
225 101
31 316
110 394
27 348
63 280
178 37
96 202
225 487
306 301
300 62
247 166
335 494
379 413
77 369
406 188
13 141
102 298
490 304
347 73
20 476
430 212
437 300
340 19
175 167
155 241
246 28
475 97
280 397
253 140
0 227
494 126
319 273
352 172
416 252
465 411
356 246
247 179
412 321
177 415
358 173
410 466
338 42
231 239
406 290
152 208
331 410
50 317
300 148
91 349
138 290
158 476
268 290
233 315
210 353
232 430
22 394
226 421
51 94
82 481
366 152
21 414
275 305
163 332
375 300
47 175
293 70
334 304
198 311
16 43
247 129
449 261
480 346
393 360
78 393
194 18
371 262
152 184
364 334
438 124
48 148
325 219
84 239
472 44
356 192
182 497
257 207
452 133
183 275
198 295
55 338
447 218
494 158
34 44
258 322
144 376
423 219
302 439
292 117
259 478
28 34
204 201
7 27
479 299
269 157
32 237
158 391
430 359
79 20
83 160
342 26
187 330
23 33
427 322
211 419
449 490
311 153
123 421
476 291
233 303
9 11
108 224
381 215
414 29
302 113
50 251
60 363
303 455
299 353
28 452
162 73
128 264
28 193
465 205
78 280
109 476
146 76
119 121
449 357
292 433
193 231
393 181
496 332
487 100
22 278
284 184
98 490
372 431
129 111
5 456
78 340
277 322
371 33
352 352
449 281
163 471
334 86
387 470
359 421
388 489
87 291
319 89
243 229
386 10
131 414
186 301
225 183
43 13
325 287
111 491
466 493
443 124
375 128
128 493
437 14
314 202
293 347
349 453
2 135
481 9
206 115
407 318
379 156
320 49
243 309
313 2
156 490
66 416
418 283
385 445
171 488
214 165
51 359
375 456
71 323
485 242
282 297
19 230
170 435
406 227
118 108
77 188
231 476
149 61
338 352
154 318
431 225
416 23
80 61
244 311
55 388
194 225
32 9
319 238
463 257
458 187
376 295
395 143
172 312
439 205
159 45
148 229
158 88
75 68
87 86
330 121
231 320
267 289
146 428
124 165
55 496
445 209
158 419
193 417
257 114
230 445
13 401
283 98
126 20
484 221
346 366
392 202
496 424
248 427
485 132
48 323
365 387
192 230
104 212
496 115
130 448
492 361
330 19
296 41
204 31
256 349
307 460
99 186
14 22
428 278
72 195
126 235
265 496
401 336
257 195
336 464
26 194
394 41
255 233
57 333
469 50
9 110
266 125
189 307
141 63
455 100
162 218
257 382
401 68
112 310
400 166
443 160
112 44
363 370
161 33
70 213
85 9
424 276
405 7
435 327
261 113
452 23
29 236
89 361
383 350
368 490
456 276
6 306
240 233
13 353
87 97
20 267
83 391
92 386
106 311
480 358
40 151
180 137
439 191
246 476
209 442
195 315
247 256
401 378
413 353
260 48
153 385
93 500
435 47
3 443
295 329
324 49
234 359
178 29
448 106
201 320
460 273
83 184
282 176
211 142
371 70
305 83
429 65
242 166
275 403
138 447
453 322
449 276
418 411
421 124
470 286
339 408
55 453
151 266
264 209
160 210
481 124
236 420
249 243
462 57
129 395
84 92
165 440
121 68
78 257
135 250
236 282
130 353
54 133
262 455
33 217
303 54
317 448
246 403
380 175
495 429
390 417
463 75
43 393
408 114
297 404
306 192
202 399
176 494
281 474
308 383
149 248
12 240
275 23
376 77
132 64
151 369
338 417
217 197
366 83
188 122
73 97
333 187
86 360
381 453
111 53
147 365
192 330
354 270
54 79
47 59
238 139
420 224
287 42
77 97
426 264
156 179
8 438
226 238
308 189
77 409
334 255
98 470
174 448
5 433
142 152
197 82
473 368
329 324
187 493
225 281
96 458
79 495
81 0
335 26
199 254
464 6
269 106
480 420
309 310
15 39
176 320
156 382
69 251
121 460
452 1
368 229
282 220
433 182
171 440
150 149
389 202
373 131
347 378
59 172
265 220
107 170
272 424
334 78
384 276
493 254
121 58
113 168
437 415
69 319
39 207
484 86
40 24
337 135
490 264
59 485
498 353
82 290
308 177
163 445
449 387
138 62
190 221
467 52
96 137
69 235
133 73
217 79
12 19
27 54
126 162
149 260
161 203
198 85
72 483
396 438
65 360
12 177
457 59
368 202
403 215
270 251
341 433
202 406
122 16
352 134
287 80
36 76
495 10
428 96
111 354
416 246
49 360
345 336
452 60
496 86
331 360
368 169
283 489
448 190
491 499
299 490
204 30
75 299
344 49
154 456
386 134
210 498
52 68
46 271
87 49
35 285
127 78
387 343
373 307
212 129
284 350
84 91
374 383
451 164
437 38
434 168
433 13
441 167
89 381
324 76
203 311
103 491
74 326
47 102
322 480
276 429
235 316
267 116
172 164
368 372
406 186
3 211
309 127
103 424
108 115
110 359
234 35
293 165
474 358
22 90
180 28
177 309
250 134
372 9
32 29
95 348
393 25
71 352
336 343
158 194
46 234
355 419
150 134
267 113
38 43
234 124
104 335
55 93
293 228
382 184
191 7
128 469
170 394
187 431
51 337
209 482
476 163
266 290
116 497
467 314
203 253
51 349
77 126
114 296
467 397
391 80
220 464
6 391
487 87
2 344
0 416
27 243
367 19
390 159
63 136
175 68
183 295
208 284
63 11
257 12
341 246
162 155
190 122
320 494
339 144
120 218
156 247
7 455
146 197
172 326
207 480
200 183
422 13
321 231
299 337
143 97
90 74
71 367
466 115
326 483
168 362
29 319
406 321
92 279
278 18
495 115
145 347
433 389
101 80
437 494
359 195
450 275
355 469
375 113
213 229
429 469
184 112
49 403
110 147
235 484
173 469
296 95
102 415
482 240
152 190
79 440
128 392
427 196
326 208
406 489
489 199
9 67
273 97
285 275
265 89
152 53
213 122
139 261
78 380
399 124
308 4
387 83
178 424
350 141
165 45
409 260
494 333
43 481
365 431
100 433
101 106
246 49
331 382
147 137
380 279
68 158
185 277
12 339
36 4
2 453
38 431
363 462
96 315
163 209
237 470
69 127
372 278
334 7
276 218
418 457
379 139
438 235
414 89
280 148
164 296
106 12
482 39
42 375
112 72
479 146
131 50
174 35
451 443
24 51
277 64
477 454
489 290
375 451
106 406
100 384
182 109
184 278
407 73
469 284
447 14
428 325
286 461
386 385
429 377
464 415
285 258
281 123
120 395
394 435
429 67
201 344
344 368
440 300
422 496
384 10
274 47
4 107
430 44
377 172
171 368
292 8
127 328
205 20
69 186
441 431
307 25
120 150
464 389
86 467
376 367
399 497
292 469
261 216
422 83
64 339
480 210
73 109
178 390
233 489
199 337
199 240
438 275
0 376
326 372
500 320
351 367
4 67
209 490
447 269
278 166
24 169
193 279
116 202
407 249
45 33
104 346
270 197
456 435
406 125
165 101
497 226
204 140
49 481
285 135
463 319
218 83
248 260
194 40
233 39
489 270
178 118
324 362
451 440
449 186
354 138
365 207
448 340
177 188
362 374
382 409
409 8
262 253
196 16
334 281
133 435
395 170
284 259
435 39
179 406
199 436
454 427
56 399
387 304
290 61
195 418
72 381
366 84
485 171
101 71
62 135
285 148
204 390
44 293
465 487
497 270
95 175
31 91
215 474
279 350
136 237
111 367
483 20
164 215
270 116
267 265
0 488
467 35
327 41
430 14
164 28
4 324
152 435
108 6
373 206
66 21
50 81
218 188
391 411
498 256
52 420
425 236
462 471
346 19
496 380
183 33
291 497
417 266
184 109
179 183
98 370
431 228
470 49
143 45
73 490
156 114
413 465
452 240
460 152
55 31
247 9
325 260
277 240
456 155
133 453
424 287
394 362
204 311
284 94
477 213
112 199
433 389
484 192
410 15
352 399
0 266
59 498
283 83
316 108
127 48
96 306
243 52
276 109
442 66
7 48
401 379
354 307
288 183
193 59
20 355
297 50
355 227
100 36
397 86
394 248
496 334
147 456
379 56
485 67
343 381
449 184
381 404
93 145
71 24
33 338
32 474
302 100
489 47
160 99
155 369
454 354
425 305
497 340
464 206
52 328
214 239
303 461
486 135
55 222
495 349
296 175
385 355
42 337
128 388
19 101
396 279
165 295
381 266
255 247
459 146
90 261
12 330
192 253
487 397
454 446
340 50
323 477
462 420
209 163
45 9
303 350
257 55
168 203
329 148
386 195
172 61
260 207
133 278
237 36
228 422
389 89
223 163
326 164
246 301
138 98
492 447
94 498
376 275
224 150
287 331
171 87
440 277
193 187
266 4
128 255
293 475
70 212
16 86
121 9
186 494
122 396
224 163
63 49
246 369
442 252
337 432
244 120
483 122
64 353
282 338
413 164
328 309
84 189
397 306
119 40
95 337
130 236
413 424
366 136
189 356
362 289
427 68
147 306
437 337
105 391
245 209
325 69
316 270
251 6
104 114
217 444
402 324
276 346
477 263
87 161
234 284
143 70
409 107
22 488
158 450
194 82
437 150
356 144
169 101
286 34
93 412
82 9
323 96
337 395
399 213
263 117
103 124
414 209
151 343
55 304
441 460
417 354
207 425
499 446
159 97
303 477
76 246
287 341
458 90
401 306
79 490
364 475
5 200
189 140
245 341
28 62
472 29
280 440
137 493
89 63
102 57
280 285
215 21
434 104
443 132
363 229
260 167
72 74
367 81
63 450
58 291
168 418
192 385
168 334
341 255
395 265
82 31
206 354
361 25
153 276
2 61
492 399
13 432
442 244
424 149
487 95
258 204
123 230
166 490
388 369
261 59
190 79
113 325
100 242
201 440
338 442
345 467
276 405
174 214
341 284
370 387
129 377
107 16
133 281
62 60
197 409
361 257
303 448
90 359
113 368
272 63
371 341
194 294
34 425
223 90
392 407
6 81
448 305
10 123
3 71
271 216
300 293
378 109
419 474
40 463
218 339
428 172
478 310
290 225
130 35
194 379
332 284
128 133
97 290
176 26
352 477
485 410
78 129
451 263
487 66
478 497
170 272
29 320
377 276
183 428
487 349
313 339
321 300
213 182
462 18
310 124
415 468
302 97
263 436
127 194
258 314
98 240
445 493
457 185
436 225
42 481
103 354
494 98
441 467
220 279
88 23
318 153
103 394
82 222
203 376
255 411
457 159
218 16
175 6
2 344
438 469
422 120
349 218
46 134
151 414
224 362
31 66
9 248
314 232
236 314
310 79
372 481
83 284
137 25
348 204
92 187
331 123
359 308
229 49
491 143
397 238
386 319
21 275
147 19
140 484
275 375
134 185
482 131
131 447
480 466
146 175
428 158
114 333
489 264
301 16
168 80
7 219
127 59
287 311
204 50
190 85
412 302
212 125
436 132
44 57
60 207
169 332
308 42
68 156
193 7
323 357
82 196
354 280
427 428
81 2
42 453
57 207
476 297
147 31
442 139
353 497
474 167
27 5
475 386
68 19
440 353
52 462
244 423
6 399
491 9
121 137
394 423
425 206
159 343
278 142
375 236
260 172
293 378
65 46
80 130
54 59
495 124
165 67
324 49
474 49
499 373
129 428
465 401
145 100
356 233
475 41
126 260
334 376
30 303
326 470
123 58
449 378
14 117
259 453
443 170
469 449
236 189
78 435
438 359
231 450
448 490
377 232
334 67
492 216
355 6
184 82
164 66
183 154
201 204
230 343
321 201
472 38
143 128
167 111
273 375
394 347
283 427
95 77
205 175
149 390
206 72
143 439
110 169
257 492
20 194
334 462
423 474
78 40
337 471
71 495
356 383
58 202
372 367
436 309
196 269
239 240
139 77
243 328
193 286
135 499
367 246
451 29
72 285
481 395
459 429
413 48
166 315
443 147
222 115
237 424
110 494
224 248
285 238
80 449
149 266
462 301
141 419
227 349
418 303
384 441
224 495
149 217
13 240
135 128
316 399
76 495
472 266
321 375
301 65
135 162
482 474
157 53
8 244
93 361
82 481
311 380
187 240
359 82
270 107
87 17
351 355
454 303
434 196
15 442
65 13
239 155
20 464
415 117
470 256
303 456
219 358
292 454
419 25
55 9
441 494
318 476
352 290
190 81
366 255
208 390
269 171
425 430
480 239
332 401
44 430
93 8
318 138
28 16
85 185
127 369
440 80
170 28
390 149
307 201
446 46
59 318
240 495
390 181
154 204
394 89
131 334
487 465
269 489
345 286
220 135
107 4
55 381
399 464
452 380
209 385
331 72
106 449
328 217
442 287
379 29
138 160
452 275
357 316
481 427
282 149
271 472
334 317
380 123
191 300
283 44
183 102
459 144
78 248
224 250
283 375
489 228
196 418
392 389
361 24
111 287
78 15
142 10
121 434
190 166
378 214
27 333
96 306
273 185
489 290
131 241
386 383
19 86
451 13
493 94
343 61
473 410
15 393
418 150
315 20
208 435
126 315
256 387
129 100
359 83
428 71
492 76
72 247
151 306
240 191
450 24
341 115
108 285
445 179
114 77
221 265
443 100
493 393
367 313
188 35
474 428
262 70
13 310
94 386
49 25
242 163
279 238
294 385
393 475
412 155
420 146
311 74
160 130
43 50
116 61
128 264
62 73
249 293
68 272
355 264
221 199
358 358
156 410
320 368
223 486
47 453
156 24
456 473
466 4
487 475
2 497
28 207
58 78
238 427
375 452
244 145
201 271
381 24
319 43
167 375
3 432
47 64
371 434
126 394
470 274
469 269
268 367
128 74
65 427
289 234
489 483
166 7
425 214
491 152
87 461
221 313
212 464
410 99
221 35
422 38
362 213
235 333
11 177
391 4
121 492
459 320
427 41
312 478
143 361
400 129
365 405
165 95
298 23
480 301
336 497
301 207
495 416
381 367
434 146
80 157
372 406
330 209
479 366
35 225
494 364
332 181
271 300
197 68
126 128
394 451
178 136
41 480
183 263
365 135
83 415
248 87
330 108
25 362
422 206
444 44
180 72
162 316
43 75
98 381
407 278
135 154
310 146
174 493
460 185
91 496
235 235
96 39
333 474
490 141
184 69
222 148
68 381
441 248
68 359
423 180
415 175
390 195
211 275
279 306
192 72
161 80
221 159
290 203
216 489
372 59
234 395
434 146
162 465
223 397
500 476
304 114
326 353
405 187
460 13
101 356
299 309
159 277
144 202
278 257
43 186
163 58
223 364
199 14
447 128
347 142
132 300
206 406
169 228
231 450
115 338
376 96
467 355
223 311
70 435
438 459
214 205
482 154
343 3
457 27
124 228
487 35
178 110
489 185
175 237
143 492
189 402
462 151
475 251
492 494
237 42
315 125
298 194
315 365
269 325
91 469
361 436
327 293
213 191
165 232
129 440
391 93
22 59
149 384
362 296
498 186
237 410
135 473
301 414
280 3
182 289
110 438
189 7
136 112
492 390
370 76
42 280
129 359
348 238
372 9
454 402
59 95
455 47
36 130
193 415
43 200
271 55
257 469
109 7
222 74
304 372
430 478
299 178
192 209
204 294
47 292
86 174
2 83
277 44
148 391
3 92
46 159
424 479
446 195
411 101
39 398
234 450
176 127
95 223
18 144
110 82
420 297
432 326
327 490
165 170
165 10
91 269
144 320
331 248
413 232
432 160
57 24
89 336
351 378
485 106
241 161
384 440
60 183
48 54
326 326
170 421
4 436
443 35
394 332
339 334
294 395
267 403
327 425
79 292
369 211
244 304
168 98
495 228
59 153
177 86
220 157
299 233
475 291
204 243
498 77
202 101
233 160
333 86
304 249
146 446
313 281
398 203
16 277
69 168
154 269
408 19
91 327
500 479
381 384
318 360
490 284
330 364
215 151
150 9
128 233
421 310
258 104
101 418
236 249
307 453
409 428
35 82
159 345
176 142
326 213
400 300
19 221
337 406
215 314
172 158
93 375
99 194
354 277
122 401
178 64
270 494
420 236
437 472
467 405
252 472
227 373
495 160
289 436
15 195
484 217
147 213
453 247
470 275
143 293
329 108
493 68
339 314
361 395
125 487
478 81
98 488
443 215
59 2
303 485
462 147
493 401
220 81
311 437
137 362
347 204
51 352
322 60
8 24
481 405
9 146
315 152
285 267
59 195
42 149
260 241
204 198
316 79
459 120
199 158
176 90
291 343
112 280
381 23
285 85
245 129
82 252
261 62
460 66
269 236
207 178
397 225
145 40
22 246
367 268
398 467
109 233
304 100
241 389
179 157
313 81
89 496
405 162
427 72
281 188
208 43
215 234
261 395
259 66
141 485
45 197
457 499
131 293
244 495
435 201
158 41
63 69
245 307
319 33
416 320
306 94
294 231
107 277
249 192
93 28
330 91
117 347
114 198
22 438
355 30
445 179
461 260
55 454
345 78
60 125
409 323
390 155
331 422
6 59
63 243
292 129
238 80
208 206
75 118
466 433
23 261
311 411
480 262
1 16
50 255
178 400
358 233
281 66
486 429
222 4
260 83
379 287
458 39
64 125
364 184
293 168
92 361
184 252
288 347
246 453
92 266
174 422
424 60
286 164
375 27
389 368
479 206
381 460
154 162
92 441
218 237
325 76
110 371
34 68
381 73
74 281
319 67
466 224
492 346
233 276
275 420
223 212
275 122
379 11
42 43
219 150
481 89
384 263
157 340
254 365
250 130
321 278
206 189
91 155
31 97
368 16
263 347
96 495
1 146
419 83
67 177
27 11
493 403
288 308
464 402
114 453
345 351
303 469
409 300
21 425
74 480
425 61
223 244
163 182
84 460
5 479
499 404
220 273
408 394
72 323
81 348
80 438
350 30
231 103
434 31
415 147
136 214
30 279
233 85
73 16
190 94
409 29
325 101
222 137
427 363
5 33
49 178
483 470
304 340
322 316
449 319
273 164
284 369
305 39
324 399
209 120
296 231
292 324
181 87
116 202
352 183
416 397
450 153
284 275
324 486
177 392
487 206
209 329
440 314
378 345
490 61
249 204
263 422
286 261
402 498
270 34
435 233
225 83
432 193
397 444
79 181
220 211
466 181
246 250
28 208
210 19
73 395
322 251
375 315
93 488
313 46
48 53
83 377
150 125
34 394
221 31
414 63
187 138
65 21
379 324
210 172
398 238
377 70
217 456
383 419
189 158
119 340
499 365
76 63
157 202
239 94
72 417
384 214
377 415
196 378
442 53
289 333
54 32
207 312
357 1
489 125
126 179
78 23
60 68
421 168
228 213
276 293
261 2
417 270
423 142
132 238
252 350
33 361
39 430
146 331
364 387
399 200
456 286
62 242
335 39
33 373
206 377
243 26
171 369
26 395
27 454
368 397
215 188
237 436
84 394
119 175
95 153
414 88
236 183
175 21
498 90
236 222
76 357
498 327
270 220
78 428
397 152
253 36
417 239
378 472
272 103
405 239
108 496
66 408
230 17
485 365
310 180
196 365
46 202
38 337
61 413
89 431
279 54
490 239
42 48
479 422
467 352
409 405
170 314
161 205
276 218
454 29
297 441
274 77
331 327
71 242
395 50
103 105
33 497
385 31
325 435
327 88
396 131
162 56
401 155
61 251
361 319
70 302
114 297
322 461
253 311
387 330
151 125
279 334
441 322
422 233
99 460
34 465
2 89
132 363
30 181
111 198
13 302
367 29
328 236
234 72
141 202
73 195
149 54
365 158
167 242
19 457
429 304
452 288
302 42
19 375
82 7
420 189
358 456
73 351
190 161
300 432
266 84
19 42
472 121
453 24
323 426
453 19
465 429
7 490
140 6
127 318
117 61
343 396
375 42
222 333
75 202
69 384
84 418
183 321
302 56
343 446
497 454
260 375
106 481
370 293
136 243
255 224
468 109
224 435
219 249
499 159
24 472
237 19
1 320
431 8
453 294
55 453
491 392
33 115
163 243
412 301
305 216
272 346
363 470
472 499
23 174
385 393
326 368
173 34
117 218
224 82
267 122
167 25
312 100
334 476
449 165
391 341
500 439
43 351
294 335
59 94
215 461
16 70
101 135
479 460
276 212
431 161
453 149
366 359
400 77
103 334
223 96
123 250
426 184
207 113
261 28
114 11
389 228
374 383
252 34
455 345
163 36
487 158
224 385
388 440
350 386
210 330
115 18
216 412
347 331
272 328
106 409
392 199
26 410
129 138
424 377
218 108
323 464
304 6
93 249
321 318
492 272
187 56
386 50
478 378
61 145
16 228
83 348
396 307
198 404
195 384
323 448
12 292
222 394
115 395
37 320
153 209
284 0
404 12
495 324
471 28
175 409
332 102
363 340
337 361
14 83
489 448
183 116
162 482
95 46
183 238
348 285
31 361
134 103
371 410
286 39
396 110
213 305
220 64
411 331
51 242
409 140
394 456
378 295
51 365
13 101
155 353
116 54
157 142
313 319
393 350
479 338
331 460
275 484
339 110
99 462
45 19
335 377
423 194
107 211
353 310
192 244
145 493
312 165
176 363
31 149
57 246
101 301
320 265
310 228
95 260
290 171
379 160
155 37
356 210
332 29
233 183
160 257
423 379
484 440
463 83
29 210
495 274
469 14
193 262
109 479
494 203
3 475
199 139
209 158
429 106
311 29
359 352
280 302
285 79
271 94
11 240
67 108
407 489
379 260
222 169
242 237
364 143
455 231
54 453
37 374
344 109
436 87
256 159
6 24
383 194
155 219
141 138
57 26
319 283
57 178
13 275
44 418
334 256
3 282
301 220
453 88
278 203
244 296
392 307
190 492
142 97
3 457
321 327
373 271
384 343
235 489
53 351
403 373
166 219
13 252
316 469
411 328
20 483
301 107
329 485
393 467
1 280
30 116
275 366
16 312
53 34
393 89
91 344
329 233
148 196
206 234
350 492
500 40
360 268
6 410
111 339
89 103
161 314
455 79
224 167
110 365
261 341
10 87
91 340
5 497
32 16
45 479
400 499
312 391
39 90
253 308
394 265
266 442
468 153
398 34
138 85
363 433
363 182
183 141
357 152
485 60
156 79
456 125
167 284
119 417
30 69
324 376
220 232
170 440
11 160
243 445
214 243
159 322
491 62
38 86
342 301
38 342
241 46
227 104
327 249
444 283
490 5
13 68
2 171
13 301
423 232
61 468
413 89
127 465
434 388
137 346
79 195
288 139
145 394
473 51
431 320
16 269
76 11
344 313
215 433
476 217
99 275
463 394
176 206
439 76
214 147
412 346
480 405
142 173
120 104
266 172
460 264
231 488
154 323
397 206
275 367
154 55
498 64
62 416
233 132
374 293
42 475
367 76
443 467
426 9
260 135
209 328
274 155
13 198
140 28
44 28
372 423
80 158
393 457
309 293
140 316
310 95
444 65
232 402
13 272
22 280
365 469
6 15
200 225
272 306
17 192
134 318
280 17
210 110
335 431
103 92
304 102
68 383
17 464
161 483
237 276
374 388
211 387
133 427
452 215
73 405
334 104
375 396
26 135
487 80
476 83
388 454
188 150
319 237
80 248
352 99
183 24
353 97
295 165
29 112
461 31
362 220
491 426
144 93
135 347
53 31
394 488
275 225
471 19
428 433
261 54
419 23
182 7
123 1
393 443
203 440
251 419
272 370
245 60
109 339
118 333
427 13
65 140
358 167
109 311
104 424
471 67
484 412
382 382
42 332
419 392
411 451
274 387
10 96
242 136
234 34
110 442
299 189
125 443
61 350
412 339
21 317
374 404
3 372
78 213
316 129
118 79
463 331
465 483
235 343
322 86
402 262
470 158
132 431
468 22
428 7
122 437
436 408
478 25
189 474
339 430
73 267
410 411
478 79
429 391
496 62
419 243
32 417
147 267
154 333
27 68
111 285
46 322
74 234
47 434
8 142
68 234
455 19
67 57
27 394
72 100
463 266
248 12
169 434
179 416
437 66
365 341
31 345
206 241
8 249
105 149
304 207
54 413
336 300
426 394
49 362
320 254
358 72
295 494
229 8
88 93
372 96
451 171
216 404
4 306
136 398
308 220
485 222
218 273
449 42
442 222
356 74
14 78
192 215
117 173
41 87
55 133
296 263
163 230
265 303
189 300
312 485
458 372
392 355
376 37
393 119
445 309
307 66
107 249
14 14
21 353
92 327
443 433
239 257
95 498
36 200
156 71
300 209
136 214
29 287
480 458
101 67
266 498
57 420
420 485
277 466
289 449
69 238
408 338
471 157
95 423
320 497
37 285
194 206
206 222
198 68
146 306
126 310
195 421
32 146
40 129
350 84
329 217
24 185
489 446
250 484
100 94
48 278
459 252
455 233
46 328
147 232
312 133
255 124
81 155
492 498
138 380
44 229
184 153
299 256
7 85
122 265
471 13
365 149
81 321
381 362
438 156
279 447
159 265
227 466
63 212
121 390
237 103
130 388
203 83
264 185
318 95
476 102
479 223
168 51
70 82
232 239
405 145
50 110
373 418
272 27
286 5
321 496
178 177
399 430
271 361
141 156
228 248
47 72
6 484
409 96
244 358
440 269
5 279
64 331
483 471
393 353
304 403
44 338
63 220
101 133
440 455
122 435
273 91
417 482
410 194
447 139
436 230
222 202
17 294
203 189
60 254
86 74
329 106
454 94
144 22
154 241
242 495
426 443
208 289
183 369
217 428
308 384
169 127
115 300
423 432
440 48
108 182
183 492
215 394
342 63
470 440
118 316
473 27
317 68
131 38
87 74
228 459
346 12
120 402
102 445
443 197
298 318
231 394
311 392
37 411
314 237
33 462
255 121
9 159
5 491
57 454
26 214
400 244
166 34
190 233
187 93
348 285
460 392
405 479
285 342
199 343
294 358
231 256
58 316
1 452
61 290
169 426
100 259
295 339
338 24
30 88
356 15
322 45
375 131
346 355
420 165
324 88
305 485
462 280
171 278
478 352
150 77
199 442
451 115
489 11
302 270
442 91
140 56
344 487
125 342
95 457
344 464
428 322
81 436
489 371
459 96
97 480
278 292
498 124
72 306
481 387
413 377
152 377
161 329
113 316
229 147
191 158
273 210
397 260
304 47
274 403
350 59
302 435
94 251
448 208
453 500
58 364
108 316
366 415
218 70
225 474
238 208
147 243
405 281
44 134
346 67
386 133
238 69
250 124
327 64
77 213
482 429
275 489
179 13
96 370
325 24
339 316
236 431
7 493
188 33
316 67
114 217
281 349
240 22
146 39
189 23
324 423
455 352
121 12
134 249
268 134
61 491
155 167
399 296
89 66
126 294
390 458
483 181
256 373
21 166
107 496
176 328
208 139
344 191
438 167
398 486
47 82
145 409
111 473
359 429
308 235
351 376
159 485
230 259
170 219
212 464
223 258
360 431
307 427
1 88
352 255
360 145
144 324
127 91
35 426
176 397
96 307
126 302
56 5
230 115
184 93
394 443
310 437
429 50
52 42
343 157
158 49
90 368
231 380
209 46
299 353
25 467
123 245
440 77
457 18
437 49
62 332
117 258
58 474
121 6
139 40
302 37
350 110
270 427
130 25
132 213
193 283
209 329
458 152
494 178
232 304
88 50
112 289
119 245
130 385
381 13
244 448
291 214
256 354
37 168
263 441
226 182
157 335
151 234
472 238
350 263
82 415
378 410
370 181
433 77
391 331
431 59
1 295
52 461
264 211
261 277
330 282
179 497
173 250
322 159
352 123
357 411
306 118
395 58
79 427
486 290
228 489
46 483
345 457
334 179
56 280
288 153
367 60
64 196
440 217
404 206
110 478
105 492
476 371
2 279
157 421
287 116
72 292
493 270
48 38
185 60
153 298
200 69
89 464
416 394
164 463
356 219
20 405
437 105
201 194
358 332
213 109
440 318
239 338
49 100
412 331
337 271
21 466
228 238
440 500
255 479
297 427
493 183
335 138
399 231
75 140
150 477
342 453
35 378
205 87
122 460
262 237
14 374
104 201
451 392
321 436
69 249
15 459
233 85
41 424
103 145
20 120
422 63
373 198
351 466
255 395
438 278
70 14
362 453
171 123
249 343
70 498
301 200
391 93
341 219
463 487
409 452
167 222
469 444
114 92
223 311
401 57
197 78
422 112
487 371
227 285
262 499
480 382
438 235
489 466
477 142
281 343
289 173
116 242
121 371
388 226
28 442
210 260
263 392
462 23
383 476
451 307
361 401
353 196
111 411
87 130
385 374
244 21
21 272
383 462
37 159
38 235
148 140
497 31
64 117
469 71
284 83
471 150
276 250
429 238
209 486
448 494
450 71
448 96
81 63
322 474
449 456
127 463
146 443
123 56
272 468
328 164
436 369
481 112
494 158
496 297
46 96
76 375
20 98
305 479
395 108
112 20
8 227
180 455
239 220
126 172
253 371
472 3
267 0
135 500
178 190
261 145
269 244
253 311
126 166
195 75
250 416
101 118
220 460
262 272
28 328
333 478
110 6
488 490
140 479
423 235
208 117
163 277
402 35
361 184
162 342
275 194
24 116
253 442
267 122
193 257
8 147
5 301
203 453
212 227
295 196
483 266
81 50
116 277
73 96
162 60
97 365
157 137
41 186
409 177
161 38
154 23
449 352
381 318
349 260
428 75
365 51
113 262
418 398
144 351
282 447
360 16
409 22
100 463
243 417
344 417
146 264
246 76
229 109
458 160
43 468
435 175
352 178
336 214
176 368
475 51
120 131
177 213
218 334
215 261
196 305
159 85
150 197
11 6
447 285
286 493
418 397
163 282
473 140
183 317
330 500
406 229
191 388
187 201
272 142
438 407
457 47
335 27
273 121
85 454
173 251
157 449
351 347
368 175
253 262
383 179
17 364
120 395
288 139
333 184
273 28
39 162
112 202
196 228
444 417
282 442
81 422
111 413
101 379
123 193
337 455
140 416
174 5
142 273
406 136
184 209
492 486
494 491
372 50
29 403
202 424
319 215
261 152
384 498
169 208
373 471
24 254
468 36
289 355
210 210
335 349
468 373
430 389
213 60
92 293
90 272
209 483
33 469
475 500
497 196
361 179
114 208
217 38
359 228
125 414
19 140
369 210
388 344
298 5
214 239
387 20
448 100
433 181
66 282
430 173
380 26
374 446
100 292
133 257
351 478
318 493
109 28
146 55
178 384
0 93
363 473
192 278
307 337
72 240
117 237
233 473
68 436
103 123
388 300
143 352
18 21
189 482
252 187
86 334
251 1
230 229
434 173
147 363
377 334
268 51
26 352
228 307
315 326
216 285
93 187
317 390
433 351
445 154
496 285
108 354
423 456
360 42
174 459
91 140
132 286
85 342
355 160
180 220
113 343
184 150
206 283
166 36
423 180
340 158
93 79
268 73
319 422
6 320
309 394
104 80
129 409
486 433
179 231
270 141
15 21
92 333
210 156
267 46
468 124
62 149
402 330
110 465
83 203
109 312
320 26
219 369
233 8
89 90
377 15
104 187
456 229
377 149
403 311
435 78
113 245
147 266
438 54
328 186
446 180
100 61
46 423
155 61
47 464
131 12
120 143
490 163
323 88
279 308
197 186
166 488
251 111
181 404
411 227
202 114
433 94
485 372
60 240
180 467
65 257
436 419
195 449
8 244
481 364
34 185
180 47
8 405
318 399
22 416
77 477
312 153
283 189
74 341
157 256
269 257
301 471
428 157
39 421
306 184
242 374
103 85
360 12
187 350
178 414
164 190
268 468
357 17
221 18
469 283
459 252
389 55
118 233
465 240
464 398
462 89
103 367
2 431
323 51
31 157
386 422
82 416
165 301
351 74
264 89
386 81
177 330
127 363
487 190
303 453
126 117
266 288
380 136
87 182
144 166
246 174
433 322
256 3
92 153
448 135
489 217
419 236
264 416
331 308
314 139
252 491
486 24
301 291
381 286
433 405
63 6
145 491
305 279
177 332
306 46
402 54
56 256
334 302
386 14
406 164
197 44
27 40
278 207
470 20
135 142
115 290
355 306
41 173
89 112
334 341
315 421
273 480
119 364
206 121
61 424
356 389
392 408
470 297
481 46
265 146
264 194
356 250
278 3
425 166
460 489
72 450
84 386
485 213
330 311
241 456
11 169
148 55
270 3
78 228
243 449
138 212
157 497
423 249
203 360
492 425
45 71
423 285
375 130
377 250
108 497
465 446
55 219
271 13
36 322
189 84
401 71
470 5
498 411
336 387
120 40
286 266
95 298
79 456
188 318
251 365
276 456
218 252
118 472
35 347
197 283
496 52
463 347
184 18
87 201
92 468
309 228
97 299
95 142
95 74
442 248
199 143
111 217
165 277
273 263
58 217
280 499
99 56
283 342
330 383
376 472
265 82
135 479
498 344
386 479
215 289
70 367
29 277
322 172
160 307
169 475
159 444
300 166
499 79
326 248
141 34
156 165
367 368
1 477
177 449
442 13
165 79
245 299
382 4
107 319
106 358
83 290
243 396
466 94
467 206
160 245
203 233
433 499
55 86
231 257
158 183
189 203
371 141
108 166
310 153
449 230
54 286
145 235
447 285
406 414
29 470
257 498
174 400
66 441
288 374
386 354
188 55
474 195
159 142
383 131
311 497
398 346
233 229
156 204
333 209
458 482
52 200
422 300
72 494
379 340
86 448
7 473
207 74
43 354
351 166
478 462
285 157
465 54
222 86
3 435
256 41
498 117
491 139
140 266
156 461
455 172
77 267
404 293
251 198
382 269
204 386
92 144
394 412
21 18
285 159
141 468
420 86
411 343
245 149
237 218
173 155
468 31
87 415
272 238
39 157
457 267
38 296
188 499
365 283
367 128
469 341
225 456
257 360
495 433
418 357
118 285
201 38
58 382
286 209
281 498
261 54
8 157
418 196
164 499
353 231
69 286
471 337
250 179
291 402
16 332
313 413
388 366
430 111
19 147
25 250
131 73
375 390
484 340
318 271
464 11
71 242
117 302
14 132
164 266
73 226
90 11
468 309
247 155
416 310
164 62
371 34
270 359
489 134
290 129
117 420
244 37
128 393
444 200
224 286
117 34
121 301
117 274
7 201
294 46
408 170
3 309
248 93
329 393
346 158
442 385
493 324
102 86
448 350
28 424
359 260
399 484
122 65
466 275
2 143
471 124
284 3
144 92
458 51
277 303
356 285
475 318
180 454
94 364
493 328
140 107
55 160
396 93
223 424
98 26
110 368
195 120
171 355
400 4
84 473
354 264
122 197
48 31
420 376
278 466
466 157
343 448
100 8
100 270
43 23
430 399
96 490
145 268
70 404
12 352
144 183
478 345
441 63
195 449
192 481
413 387
5 18
108 488
271 331
488 424
230 111
96 148
125 191
429 219
141 495
116 360
438 275
134 285
70 259
434 283
467 46
108 139
385 381
357 296
281 11
454 102
116 330
294 445
389 194
217 68
469 228
391 27
464 303
135 67
28 193
274 261
77 477
397 100
160 171
438 443
130 309
261 175
194 220
357 391
489 185
406 320
385 203
302 329
376 386
308 250
232 433
470 467
348 253
469 65
190 458
308 66
31 399
158 181
139 334
161 20
379 398
436 152
154 399
489 259
401 12
8 228
322 355
58 480
337 53
493 445
13 32
490 379
130 40
153 222
198 97
119 34
182 156
115 127
298 76
441 458
259 301
65 73
400 500
318 330
262 346
428 137
388 321
285 145
230 13
80 45
180 56
348 48
57 84
259 464
253 337
273 42
290 101
105 346
53 43
409 63
375 235
11 245
216 460
216 126
317 258
89 441
367 96
39 236
185 229
307 266
454 145
53 102
457 459
467 384
97 305
84 304
492 234
26 136
477 259
350 297
423 102
407 419
21 25
126 378
306 5
250 85
144 240
127 209
368 191
465 402
213 395
172 414
348 370
216 408
468 478
229 216
413 276
370 118
208 59
239 459
126 250
428 140
433 296
323 316
77 31
278 473
484 109
255 363
381 268
197 151
421 176
295 427
390 229
334 84
15 128
386 143
218 18
266 9
195 180
229 354
359 142
498 89
427 291
288 32
141 145
42 132
238 343
261 270
274 201
107 248
327 456
320 339
448 431
39 426
481 353
394 206
152 442
241 306
213 380
233 479
83 333
174 45
473 479
473 424
77 277
271 122
20 81
92 368
388 310
354 108
220 378
116 308
335 185
78 222
22 349
338 388
0 39
283 369
455 434
448 231
13 238
211 78
125 451
40 485
493 128
36 300
468 341
264 327
73 241
171 203
89 405
89 485
26 189
370 251
442 239
47 32
440 409
151 182
315 436
318 128
56 140
228 283
360 28
192 289
401 51
131 43
496 135
343 236
259 143
65 374
220 209
2 381
242 39
468 91
322 419
198 201
119 80
130 458
74 233
0 188
218 119
46 75
105 488
496 129
434 141
481 134
446 372
92 80
293 151
86 415
247 462
247 217
44 272
163 51
53 413
49 282
51 72
302 235
122 433
492 380
375 170
446 289
80 387
340 495
436 135
6 404
132 210
329 441
225 401
353 203
311 203
325 325
399 417
299 287
128 182
262 375
289 419
466 8
377 255
328 387
274 471
149 125
371 387
377 294
45 83
344 319
191 335
42 156
253 433
61 445
388 461
136 263
123 407
59 165
183 52
169 286
328 479
302 112
402 354
269 400
398 186
407 276
154 166
145 387
484 17
229 400
46 141
170 183
262 460
440 83
491 79
270 30
291 198
87 243
290 445
3 362
86 325
306 103
460 151
5 88
493 250
342 270
370 187
406 478
317 229
345 438
278 82
248 0
293 89
429 195
395 173
129 154
226 195
277 334
364 187
486 164
432 60
363 409
343 399
272 449
305 327
125 431
278 76
324 247
312 252
438 164
92 300
148 249
142 485
385 90
364 282
239 4
10 265
346 97
246 124
239 101
401 152
322 221
414 437
450 110
159 113
208 364
335 444
385 478
5 140
479 181
129 227
47 251
93 420
348 22
229 143
110 474
28 284
317 75
321 248
261 109
176 187
256 388
1 239
11 266
213 251
439 110
1 76
269 153
270 434
399 331
351 341
417 357
240 110
376 245
63 256
166 207
8 339
348 143
388 322
114 97
479 244
483 45
86 489
487 446
98 372
246 98
53 193
371 386
144 199
299 195
86 100
492 295
92 189
423 142
56 335
275 260
391 363
133 243
170 170
24 159
369 449
288 211
368 397
274 75
489 390
138 483
32 204
228 473
359 11
128 284
455 18
60 174
317 460
363 247
438 107
180 402
41 170
126 214
13 487
194 461
445 141
209 434
362 124
293 166
408 428
171 352
184 30
35 495
401 411
444 65
118 153
209 442
389 481
229 166
433 306
77 156
9 127
65 454
464 296
362 472
411 24
282 346
324 380
361 78
54 217
484 424
453 208
153 310
143 57
210 392
200 153
378 154
206 159
271 319
2 19
150 146
141 189
225 360
474 422
459 356
341 23
272 38
202 353
465 134
308 336
481 70
9 158
404 279
152 303
72 239
80 274
221 10
350 285
387 357
222 150
308 313
250 419
263 411
157 111
462 175
20 216
487 190
383 460
217 247
117 123
11 289
475 191
122 59
237 40
12 465
215 445
300 131
11 11
296 229
364 251
319 344
496 422
347 136
367 376
435 114
447 263
140 236
414 358
346 67
48 392
175 255
326 410
283 128
226 152
37 42
383 254
112 164
324 333
255 196
40 259
144 71
284 162
55 61
309 85
127 488
81 418
395 153
129 261
372 404
285 180
0 164
105 375
219 498
152 462
40 129
76 261
451 135
377 496
160 127
311 290
10 257
36 177
209 89
154 400
297 324
146 374
171 267
462 485
177 171
88 193
490 31
281 196
427 289
311 332
42 328
468 273
374 421
268 234
400 5
0 193
239 137
284 126
331 373
156 228
500 397
152 212
274 311
48 248
416 328
355 389
311 461
428 164
133 490
430 114
132 118
333 184
71 231
215 207
35 378
106 140
244 468
352 380
56 315
349 130
369 382
416 136
366 363
123 320
119 224
35 18
453 299
470 345
108 275
236 106
10 147
232 407
414 355
382 161
58 489
27 460
470 491
148 215
232 496
307 211
459 355
294 283
391 399
160 277
399 348
83 227
40 133
316 173
66 236
10 464
499 321
4 481
390 429
107 93
473 391
221 37
117 421
395 339
267 18
242 332
318 39
449 4
396 31
366 8
211 277
257 257
3 305
97 20
231 126
423 443
323 327
219 62
476 109
470 241
10 427
486 115
23 303
59 364
376 324
271 343
480 269
284 488
270 279
44 481
28 468
146 142
404 407
398 138
43 344
320 181
249 482
500 261
122 303
12 355
348 264
152 480
268 151
37 181
485 311
346 495
22 60
460 380
219 482
377 84
268 303
238 473
335 485
451 378
418 138
110 379
463 10
131 23
361 90
205 358
152 490
19 385
367 404
430 125
175 447
280 328
16 49
490 420
394 326
10 208
96 274
121 500
151 99
166 217
387 34
167 195
110 87
219 227
95 349
260 126
78 301
59 422
417 482
117 397
121 175
155 499
77 79
112 464
384 352
347 416
23 450
87 376
206 452
6 444
179 104
204 323
436 225
253 461
5 176
77 309
208 129
480 435
249 221
339 197
211 457
455 205
109 352
164 260
126 8
223 445
228 50
398 173
275 94
86 434
373 340
196 202
91 327
397 410
480 213
98 351
348 210
285 47
381 355
108 286
436 365
373 3
233 38
379 224
233 81
124 427
366 394
330 269
357 432
157 213
299 417
87 469
285 99
123 365
434 346
252 234
6 287
131 140
227 95
34 473
481 184
183 220
426 256
232 60
60 244
493 109
335 207
471 116
358 370
162 453
34 327
413 89
447 476
459 465
294 151
186 301
3 465
225 114
12 82
66 65
63 179
172 343
492 452
341 388
250 232
264 81
358 324
340 445
47 438
190 286
256 124
407 117
48 360
453 50
455 486
335 363
240 343
234 343
404 111
398 401
484 291
211 122
153 255
390 476
240 85
158 419
113 357
75 331
89 265
160 355
45 63
276 176
427 185
439 405
46 121
426 446
412 476
325 318
396 479
39 315
32 444
444 319
166 50
149 376
139 257
355 102
337 56
429 5
300 252
314 285
461 402
184 273
267 335
478 368
16 461
62 75
167 208
397 282
259 297
420 150
401 77
377 49
343 346
29 56
469 426
17 374
148 105
325 297
478 343
149 213
193 325
377 391
458 487
392 240
36 373
339 320
266 454
177 231
0 84
163 248
362 98
89 12
84 68
0 499
386 463
458 174
331 269
229 273
387 295
147 211
387 93
224 182
433 112
198 187
115 178
420 259
408 497
377 467
153 235
398 278
423 302
249 172
332 262
460 123
395 20
342 376
105 114
124 191
477 283
238 334
385 70
483 472
466 465
62 187
464 258
32 470
115 119
159 458
311 209
14 38
294 262
73 15
300 138
22 284
93 66
441 169
80 283
419 345
296 441
398 167
404 200
497 457
250 107
93 435
155 425
495 258
179 57
260 155
217 44
92 417
59 328
317 327
418 379
258 334
120 161
218 430
460 434
443 349
343 138
275 261
215 47
485 258
380 56
274 109
215 95
242 375
455 31
101 204
228 341
245 188
310 80
411 310
265 411
390 312
413 323
407 4
191 10
5 224
140 299
471 182
2 354
230 377
22 201
218 132
296 348
409 292
94 102
304 138
479 394
167 444
310 317
180 284
442 306
258 176
175 472
71 374
54 351
413 84
359 425
456 283
228 42
368 353
463 286
418 404
473 196
498 47
205 477
376 381
88 336
391 45
305 246
99 371
355 346
148 426
403 398
203 370
150 415
446 143
226 59
498 395
99 440
151 411
296 8
196 305
143 275
285 420
123 446
417 464
425 176
49 486
123 122
39 423
114 306
388 475
173 281
440 144
199 13
42 287
362 54
398 80
249 104
279 118
329 223
340 343
206 447
198 323
199 327
250 393
428 221
103 188
146 176
349 34
257 197
289 194
455 443
350 115
365 377
156 325
67 94
15 488
46 273
430 326
426 378
61 312
451 271
35 167
23 303
303 461
87 185
279 209
497 224
27 285
57 183
131 25
224 163
44 484
298 201
203 181
37 356
364 25
426 270
357 237
403 277
431 289
119 290
163 314
429 86
181 314
280 121
47 370
198 17
197 52
104 427
434 301
360 278
266 193
157 394
381 191
374 270
43 218
336 490
318 196
338 76
149 97
382 199
43 487
405 351
406 145
306 207
115 247
71 209
312 259
140 95
78 24
48 329
275 289
112 460
369 436
353 498
419 300
269 465
282 2
151 278
387 281
305 472
331 189
202 423
384 352
322 38
51 107
405 234
449 495
401 330
417 174
145 369
410 137
443 315
1 162
89 425
16 190
367 478
467 452
436 242
461 469
306 10
273 301
239 217
349 472
267 222
234 89
318 188
231 239
245 202
176 63
351 22
259 221
259 188
287 89
145 348
138 401
262 474
212 112
498 70
400 374
70 432
367 194
351 70
225 7
235 126
425 128
132 334
73 238
331 119
291 183
469 312
479 407
108 453
101 384
62 485
446 65
352 140
142 367
132 45
185 59
242 58
268 406
175 310
67 75
79 403
254 470
127 104
110 56
282 162
495 252
220 484
482 436
461 493
210 111
328 405
362 274
344 310
165 102
15 151
386 2
39 226
120 41
32 101
101 146
70 160
135 24
188 325
477 120
89 5
307 150
29 384
497 71
273 334
349 349
200 481
376 407
213 218
118 78
299 221
127 357
20 352
366 365
259 472
376 479
469 356
498 269
124 162
45 381
125 442
295 93
371 433
63 466
267 131
333 338
185 114
29 281
116 433
469 111
403 492
97 306
78 131
63 253
412 283
386 180
466 30
174 60
167 252
107 28
194 4
485 118
484 161
125 489
73 25
445 341
169 111
58 395
300 395
379 233
98 174
51 468
407 153
74 57
11 396
89 212
316 430
126 370
499 78
359 45
106 309
450 412
398 191
244 323
443 222
361 57
33 258
249 158
110 321
266 322
241 68
119 454
390 185
28 217
447 261
86 287
40 1
337 447
365 128
48 218
99 67
97 93
421 88
388 40
304 59
300 222
300 405
407 63
327 430
153 98
53 262
322 489
230 59
411 349
219 387
369 251
400 185
66 42
303 456
352 175
497 498
79 179
38 311
460 468
0 138
300 388
90 283
396 436
283 335
393 221
206 30
201 60
2 461
367 247
464 425
53 345
52 279
196 61
82 67
473 131
237 488
217 274
263 216
441 64
487 413
9 193
139 234
384 388
271 119
448 260
444 162
0 259
496 162
38 311
274 63
54 468
0 262
267 75
263 206
169 30
497 38
229 314
323 498
490 157
492 165
95 407
216 387
435 272
281 242
21 278
412 27
166 125
299 59
130 75
154 274
62 49
166 162
162 464
300 81
92 466
485 29
478 111
8 199
114 400
289 100
230 33
427 309
281 208
16 296
194 92
122 426
313 109
265 60
302 476
221 319
205 292
407 313
181 38
41 327
49 154
288 70
352 441
9 176
182 324
321 232
117 452
228 208
130 77
190 173
127 238
246 485
19 56
307 488
31 379
345 232
338 149
464 480
423 92
470 149
352 111
457 275
250 437
253 399
422 182
432 109
102 163
18 231
293 171
455 448
100 354
367 493
445 251
110 56
468 350
430 218
384 229
332 299
443 39
192 17
350 175
143 272
276 10
209 101
154 416
439 119
226 182
349 196
28 69
188 171
203 491
253 27
364 204
99 258
74 77
410 270
431 134
206 177
9 240
292 139
419 447
278 283
484 123
10 122
145 304
137 385
277 90
370 387
221 42
443 298
241 294
94 53
130 225
307 31
379 108
311 289
311 282
251 291
476 294
36 145
69 362
304 455
213 219
355 409
30 337
192 392
397 95
306 124
340 244
76 469
15 493
485 406
366 159
445 14
440 3
467 422
253 454
82 451
50 138
263 137
416 383
341 268
297 464
409 18
494 428
351 84
235 374
232 282
290 190
470 34
196 484
330 286
67 375
246 255
345 284
165 166
411 406
219 32
233 382
26 217
302 352
9 397
347 146
380 304
146 480
80 301
76 443
17 242
314 120
190 416
162 335
125 296
471 467
57 147
124 369
339 268
220 231
98 40
422 99
470 305
119 278
338 406
350 214
122 422
68 47
157 312
151 18
434 47
288 434
231 213
159 205
479 92
356 50
174 188
468 449
448 201
485 167
371 129
410 358
377 257
51 82
162 69
18 183
61 298
185 118
481 251
13 42
386 388
444 240
156 336
297 59
286 46
278 324
304 9
82 112
139 245
280 90
439 471
323 190
384 479
432 23
275 239
385 136
328 64
47 32
475 20
491 116
107 378
162 165
187 34
283 273
256 478
330 249
166 73
435 471
383 131
287 23
199 71
28 477
175 17
34 370
187 357
295 466
23 304
103 117
122 94
223 188
390 217
196 366
327 64
418 446
416 300
374 490
9 150
286 135
128 227
104 48
481 213
443 279
148 326
110 347
231 110
63 53
448 132
313 321
140 356
100 192
54 64
413 123
11 487
485 448
341 122
218 204
421 305
389 51
394 128
22 267
69 94
276 117
452 254
117 84
204 292
444 86
284 149
218 297
378 102
219 69
495 15
331 450
188 156
338 76
56 244
26 347
448 264
152 146
72 49
473 336
479 409
123 336
164 255
283 77
150 236
223 250
283 232
56 60
312 361
305 172
267 120
48 351
123 65
376 383
157 241
409 417
116 253
19 178
25 472
254 115
443 305
15 17
59 394
1 44
356 406
443 72
167 215
387 224
89 113
433 265
164 265
82 484
220 496
98 487
463 52
288 389
479 362
365 214
247 79
227 185
188 147
32 458
361 169
197 270
459 156
162 288
210 124
472 22
478 482
208 165
408 472
428 483
256 277
172 81
185 478
216 309
169 180
430 109
59 234
483 13
309 213
121 148
3 363
128 104
439 170
388 13
304 150
469 413
366 117
310 473
272 239
418 187
175 385
57 258
465 62
140 377
455 430
282 168
387 40
235 455
0 132
320 289
237 314
66 11
220 15
366 104
364 427
358 452
51 372
448 206
336 388
180 93
159 372
109 153
422 105
494 208
277 187
277 497
439 108
46 71
466 8
301 310
139 29
94 367
483 378
87 279
224 87
253 441
35 356
202 271
108 441
349 446
430 42
439 425
402 51
429 139
248 433
15 328
114 301
195 413
357 86
384 244
356 427
357 250
13 357
232 267
176 107
76 411
109 348
51 74
274 485
409 390
154 184
132 17
303 467
133 374
51 441
87 444
289 312
303 495
71 77
435 447
68 280
154 82
327 437
95 421
181 492
19 92
330 308
448 335
100 30
122 250
267 268
175 80
169 234
93 73
314 299
379 229
221 160
67 480
155 87
346 162
112 332
280 25
97 455
470 309
326 279
281 392
221 365
378 1
384 13
153 42
133 321
141 484
479 237
323 14
292 133
129 20
64 404
256 476
333 319
206 40
422 394
447 364
159 118
342 108
453 372
9 208
114 55
119 202
278 59
63 435
237 317
249 300
297 391
139 269
12 163
327 54
272 440
85 83
389 133
182 241
478 119
338 402
164 309
459 348
54 213
149 386
209 102
25 241
198 277
294 165
262 443
369 42
210 247
278 450
23 115
346 303
197 107
27 221
141 175
181 130
331 464
82 355
455 497
241 182
96 238
72 32
474 493
63 302
49 295
261 418
99 284
5 461
301 281
228 177
181 335
471 283
86 314
91 153
197 179
133 489
273 257
444 36
271 338
461 221
341 8
182 12
475 269
448 57
246 11
320 353
254 222
354 446
225 427
293 256
499 91
487 208
465 167
3 395
269 122
437 497
186 46
486 211
231 413
342 277
106 138
298 86
115 141
303 16
281 12
55 242
104 165
121 202
300 69
101 428
243 353
57 448
305 101
246 471
8 185
428 246
98 31
5 421
190 416
300 334
103 97
110 269
6 353
71 398
141 162
389 386
474 351
284 12
242 47
12 80
117 86
37 334
358 492
436 189
280 190
362 187
417 218
177 185
402 182
461 203
141 115
425 380
350 412
466 139
406 397
99 486
15 429
378 410
379 397
358 111
311 272
441 485
302 221
266 370
215 276
192 417
415 25
266 203
455 392
156 457
70 384
384 219
216 199
474 494
327 451
96 349
89 68
109 268
473 323
294 414
101 143
231 265
142 249
257 322
198 328
198 252
443 339
253 316
485 90
169 470
396 1
156 217
13 358
71 320
417 227
417 493
392 272
434 500
164 483
279 197
208 307
477 119
329 430
447 477
129 266
134 38
181 349
355 293
158 428
312 459
68 217
275 239
289 46
254 275
236 114
497 309
178 114
489 485
12 172
146 423
175 425
277 149
178 180
483 476
490 108
31 407
145 227
175 32
159 23
330 293
265 224
314 421
483 158
34 57
23 462
335 125
201 141
360 31
209 224
185 161
60 455
322 256
201 296
204 332
115 470
176 428
252 235
366 332
368 46
465 254
460 42
367 78
202 264
42 54
343 291
456 329
330 195
188 154
415 194
118 263
310 419
279 77
43 335
478 268
119 8
47 105
459 186
455 4
129 83
260 76
133 344
223 245
372 449
224 280
201 24
257 48
303 272
229 391
346 51
293 482
282 323
319 439
108 373
110 423
377 406
45 374
259 64
84 67
45 352
475 157
418 451
241 430
469 300
314 411
281 251
478 429
102 438
81 258
465 80
51 496
305 125
124 461
287 445
82 390
318 284
377 478
96 274
378 232
126 149
273 63
218 427
120 342
20 187
83 376
90 66
249 434
227 370
379 361
460 322
129 223
112 5
146 147
326 203
43 190
206 151
334 390
91 137
248 466
5 204
487 411
189 286
496 121
49 97
124 197
193 468
129 404
275 39
468 69
19 408
175 241
284 372
467 392
331 112
9 497
34 129
259 291
328 107
366 308
325 51
473 465
367 393
226 11
200 358
35 120
111 367
45 424
219 66
399 85
11 74
474 393
105 148
183 86
72 361
458 476
402 7
36 218
203 232
35 390
63 221
337 364
327 458
200 69
431 153
61 63
44 168
205 463
100 400
7 41
392 54
